1775650374.35 SOC2246;2;0;0;0;1;60;0;1;1;1;1;0EOCSOD36449;1;-0.6846;-0.405285;0;-1EOD
1775650374.45 SOD36450;1;-0.7138;-0.404472;0;-1EOD
1775650374.53 SOD36451;1;-0.7429;-0.415463;0;-1EOD
1775650374.60 SOD36452;1;-0.7326;-0.434305;0;-1EOD
1775650374.80 SOD36453;1;-0.7036;-0.454442;0;-1EOD
1775650374.88 SOD36454;1;-0.6321;-0.47357;0;-1EOD
1775650374.94 SOD36455;1;-0.5369;-0.485127;0;-1EOD
1775650375.03 SOD36456;1;-0.58;-0.489854;0;-1EOD
1775650375.13 SOD36457;1;-0.6721;-0.487375;0;-1EOD
1775650375.20 SOD36458;1;-0.6896;-0.48269;0;-1EOD
1775650375.28 SOD36459;1;-0.6509;-0.478846;0;-1EOD
1775650375.40 SOC2247;2;0;0;0;1;60;0;1;1;1;1;0EOCSOD36460;1;-0.628;-0.475326;0;-1EOD
1775650375.49 SOD36461;1;-0.6492;-0.476033;0;-1EOD
1775650375.55 SOD36462;1;-0.6648;-0.474728;0;-1EOD
1775650375.76 SOD36463;1;-0.6963;-0.477068;0;-1EOD
1775650375.87 SOD36464;1;-0.7542;-0.47618;0;-1EOD
1775650375.97 SOD36465;1;-0.7301;-0.481171;0;-1EOD
1775650376.10 SOD36466;1;-0.7528;-0.483843;0;-1EOD
1775650376.18 SOD36467;1;-0.7743;-0.47249;0;-1EOD
1775650376.26 SOD36468;1;-0.7659;-0.43858;0;-1EOD
1775650376.35 SOD36469;1;-0.7627;-0.364316;0;-1EOD
1775650376.44 SOD36470;1;-0.7334;-0.224374;0;-1EOD
1775650376.55 SOD36471;1;-0.7451;-0.0201189;0;-1EOD
1775650376.77 SOD36472;1;-0.7029;0.231465;0;-1EOD
1775650376.90 SOD36473;1;-0.6929;0.487268;0;-1EOD
1775650376.95 SOD36474;1;-0.7481;0.711832;0;-1EOD
1775650377.05 SOD36475;1;-0.7562;0.852521;0;-1EOD
1775650377.13 SOD36476;1;-0.7134;0.895164;0;-1EOD
1775650377.19 SOD36477;1;-0.7268;0.834271;0;-1EOD
1775650377.31 SOD36478;1;-0.7151;0.702927;0;-1EOD
1775650377.41 SOD36479;1;-0.6935;0.573277;0;-1EOD
1775650377.49 SOD36480;1;-0.7034;0.512758;0;-1EOD
1775650377.56 SOD36481;1;-0.7343;0.56809;0;-1EOD
1775650377.65 SOD36482;1;-0.7224;0.738045;0;-1EOD
1775650377.76 SOD36483;1;-0.7254;0.982259;0;-1EOD
1775650377.86 SOD36484;1;-0.75;1;0;-1EOD
1775650377.96 SOD36485;1;-0.7483;1;0;-1EOD
1775650378.09 SOD36486;1;-0.7183;1;0;-1EOD
1775650378.19 SOD36487;1;-0.7183;1;0;-1EOD
1775650378.26 SOD36488;1;-0.7571;0.993988;0;-1EOD
1775650378.36 SOD36489;1;-0.7771;0.638469;0;-1EOD
1775650378.45 SOD36490;1;-0.7406;0.274365;0;-1EOD
1775650378.54 SOD36491;1;-0.7334;-0.0466395;0;-1EOD
1775650378.69 SOD36492;1;-0.7132;-0.273694;0;-1EOD
1775650378.79 SOD36493;1;-0.7785;-0.394493;0;-1EOD
1775650378.85 SOD36494;1;-0.7566;-0.411136;0;-1EOD
1775650378.93 SOD36495;1;-0.7292;-0.351068;0;-1EOD
1775650379.03 SOD36496;1;-0.7184;-0.252866;0;-1EOD
1775650379.09 SOD36497;1;-0.724;-0.127663;0;-1EOD
1775650379.19 SOD36498;1;-0.7124;-0.0145098;0;-1EOD
1775650379.30 SOD36499;1;-0.6652;0.0610475;0;-1EOD
1775650379.39 SOD36500;1;-0.6598;0.0847008;0;-1EOD
1775650379.48 SOD36501;1;-0.6992;0.050909;0;-1EOD
1775650379.54 SOD36502;1;-0.6861;-0.0275941;0;-1EOD
1775650379.65 SOD36503;1;-0.6487;-0.133643;0;-1EOD
1775650379.75 SOD36504;1;-0.6998;-0.236597;0;-1EOD
1775650379.89 SOD36505;1;-0.7284;-0.311646;0;-1EOD
1775650379.99 SOD36506;1;-0.7097;-0.342151;0;-1EOD
1775650380.08 SOD36507;1;-0.7159;-0.327941;0;-1EOD
1775650380.14 SOD36508;1;-0.7374;-0.27704;0;-1EOD
1775650380.24 SOD36509;1;-0.7152;-0.212815;0;-1EOD
1775650380.33 SOD36510;1;-0.7026;-0.158244;0;-1EOD
1775650380.44 SOC2248;2;0;0;0;1;60;0;1;1;1;1;0EOCSOD36511;1;-0.6662;-0.123234;0;-1EOD
1775650380.60 SOD36512;1;-0.6309;-0.1144;0;-1EOD
1775650380.70 SOD36513;1;-0.6682;-0.128013;0;-1EOD
1775650380.82 SOD36514;1;-0.7388;-0.15123;0;-1EOD
1775650380.90 SOD36515;1;-0.7478;-0.170911;0;-1EOD
1775650380.98 SOD36516;1;-0.7868;-0.176103;0;-1EOD
1775650381.06 SOD36517;1;-0.7648;-0.164611;0;-1EOD
1775650381.17 SOD36518;1;-0.7406;-0.14738;0;-1EOD
1775650381.28 SOD36519;1;-0.7192;-0.134297;0;-1EOD
1775650381.38 SOD36520;1;-0.7398;-0.14018;0;-1EOD
1775650381.45 SOD36521;1;-0.7318;-0.175097;0;-1EOD
1775650381.54 SOD36522;1;-0.6719;-0.232325;0;-1EOD
1775650381.74 SOD36523;1;-0.706;-0.301936;0;-1EOD
1775650381.91 SOD36524;1;-0.7161;-0.35497;0;-1EOD
1775650382.01 SOD36525;1;-0.7233;-0.383817;0;-1EOD
1775650382.12 SOD36526;1;-0.7501;-0.378398;0;-1EOD
1775650382.21 SOD36527;1;-0.7287;-0.334965;0;-1EOD
1775650382.29 SOD36528;1;-0.7094;-0.278628;0;-1EOD
1775650382.37 SOD36529;1;-0.7542;-0.225705;0;-1EOD
1775650382.49 SOD36530;1;-0.7508;-0.198444;0;-1EOD
1775650382.59 SOD36531;1;-0.7049;-0.201827;0;-1EOD
1775650382.73 SOD36532;1;-0.7014;-0.229433;0;-1EOD
1775650382.81 SOD36533;1;-0.7466;-0.275026;0;-1EOD
1775650382.91 SOD36534;1;-0.8093;-0.292756;0;-1EOD
1775650382.98 SOD36535;1;-0.8084;-0.234841;0;-1EOD
1775650383.09 SOD36536;1;-0.7799;-0.0828235;0;-1EOD
1775650383.18 SOD36537;1;-0.7468;0.179698;0;-1EOD
1775650383.27 SOD36538;1;-0.7722;0.515957;0;-1EOD
1775650383.33 SOD36539;1;-0.7972;0.865327;0;-1EOD
1775650383.42 SOD36540;1;-0.7533;1;0;-1EOD
1775650383.52 SOD36541;1;-0.7505;1;0;-1EOD
1775650383.62 SOD36542;1;-0.7522;1;0;-1EOD
1775650383.76 SOD36543;1;-0.7296;1;0;-1EOD
1775650383.82 SOD36544;1;-0.7339;0.936588;0;-1EOD
1775650383.91 SOD36545;1;-0.7491;0.650206;0;-1EOD
1775650384.01 SOD36546;1;-0.7825;0.430502;0;-1EOD
1775650384.10 SOD36547;1;-0.7259;0.375898;0;-1EOD
1775650384.17 SOD36548;1;-0.6958;0.548576;0;-1EOD
1775650384.26 SOD36549;1;-0.7337;0.943544;0;-1EOD
1775650384.40 SOD36550;1;-0.7404;1;0;-1EOD
1775650384.49 SOD36551;1;-0.7198;1;0;-1EOD
1775650384.58 SOD36552;1;-0.729;1;0;-1EOD
1775650384.71 SOD36553;1;-0.7249;1;0;-1EOD
1775650384.82 SOD36554;1;-0.6985;1;0;-1EOD
1775650384.93 SOD36555;1;-0.7318;1;0;-1EOD
1775650385.05 SOD36556;1;-0.73;1;0;-1EOD
1775650385.11 SOD36557;1;-0.7303;1;0;-1EOD
1775650385.19 SOD36558;1;-0.747;0.94504;0;-1EOD
1775650385.29 SOD36559;1;-0.7699;0.644584;0;-1EOD
1775650385.35 SOD36560;1;-0.7815;0.659165;0;-1EOD
1775650385.44 SOC2249;2;0;0;0;1;60;0;1;1;1;1;0EOCSOD36561;1;-0.7757;0.994307;0;-1EOD
1775650385.54 SOD36562;1;-0.7769;1;0;-1EOD
1775650385.68 SOD36563;1;-0.7724;1;0;-1EOD
1775650385.83 SOD36564;1;-0.755;1;0;-1EOD
1775650385.92 SOD36565;1;-0.7587;1;1;-1EOD
1775650386.00 SOD36566;1;-0.7445;1;1;-1EOD
1775650386.06 SOD36567;1;-0.7526;1;1;-1EOD
1775650386.15 SOD36568;1;-0.7424;1;0;-1EOD
1775650386.27 SOD36569;1;-0.741;1;0;-1EOD
1775650386.37 SOD36570;1;-0.7715;1;0;-1EOD
1775650386.48 SOD36571;1;-0.7891;0.629767;0;-1EOD
1775650386.56 SOD36572;1;-0.7413;0.112132;0;-1EOD
1775650386.63 SOD36573;1;-0.739;-0.227017;0;-1EOD
1775650386.86 SOD36574;1;-0.749;-0.417269;0;-1EOD
1775650387.06 SOD36575;1;-0.7678;-0.51052;0;-1EOD
1775650387.16 SOD36576;1;-0.7642;-0.578875;0;-1EOD
1775650387.23 SOD36577;1;-0.6124;-0.608347;0;-1EOD
1775650387.34 SOD36578;1;-0.5527;-0.626546;0;-1EOD
1775650387.44 SOD36579;1;-0.5765;-0.634305;0;-1EOD
1775650387.55 SOD36580;1;-0.7009;-0.630091;0;-1EOD
1775650387.65 SOD36581;1;-0.7085;-0.616345;0;-1EOD
1775650387.76 SOD36582;1;-0.7817;-0.583184;0;-1EOD
1775650387.82 SOD36583;1;-0.7701;-0.5374;0;-1EOD
1775650387.91 SOD36584;1;-0.7503;-0.459461;0;-1EOD
1775650388.01 SOD36585;1;-0.7617;-0.313224;0;-1EOD
1775650388.07 SOD36586;1;-0.7889;-0.0650447;0;-1EOD
1775650388.18 SOD36587;1;-0.7957;0.295962;0;-1EOD
1775650388.27 SOD36588;1;-0.7594;0.745796;0;-1EOD
1775650388.37 SOD36589;1;-0.7298;1;0;-1EOD
1775650388.43 SOD36590;1;-0.744;1;0;-1EOD
1775650388.50 SOD36591;1;-0.7335;1;0;-1EOD
1775650388.60 SOD36592;1;-0.7306;1;0;-1EOD
1775650388.71 SOD36593;1;-0.7402;1;0;-1EOD
1775650388.85 SOD36594;1;-0.7543;1;0;-1EOD
1775650388.94 SOD36595;1;-0.7349;1;0;-1EOD
1775650389.00 SOD36596;1;-0.7172;0.524784;0;-1EOD
1775650389.09 SOD36597;1;-0.7139;0.0895062;0;-1EOD
1775650389.18 SOD36598;1;-0.7134;-0.236499;0;-1EOD
1775650389.27 SOD36599;1;-0.7003;-0.438696;0;-1EOD
1775650389.36 SOD36600;1;-0.7091;-0.540319;0;-1EOD
1775650389.47 SOD36601;1;-0.7265;-0.578863;0;-1EOD
1775650389.56 SOD36602;1;-0.7821;-0.590955;0;-1EOD
1775650389.67 SOD36603;1;-0.7509;-0.596746;0;-1EOD
1775650389.82 SOD36604;1;-0.7566;-0.593692;0;-1EOD
1775650389.99 SOD36605;1;-0.7181;-0.589459;0;-1EOD
1775650390.13 SOD36606;1;-0.7124;-0.586462;0;-1EOD
1775650390.25 SOD36607;1;-0.7232;-0.582476;0;-1EOD
1775650390.34 SOD36608;1;-0.7143;-0.569133;0;-1EOD
1775650390.41 SOC2250;2;0;0;0;1;60;0;1;1;1;1;0EOCSOD36609;1;-0.6851;-0.551355;0;-1EOD
1775650390.51 SOD36610;1;-0.6901;-0.499772;0;-1EOD
1775650390.61 SOD36611;1;-0.6833;-0.391169;0;-1EOD
1775650390.75 SOD36612;1;-0.7619;-0.209622;0;-1EOD
1775650390.87 SOD36613;1;-0.7552;0.0560678;0;-1EOD
1775650390.96 SOD36614;1;-0.7557;0.350034;0;-1EOD
1775650391.02 SOD36615;1;-0.7819;0.648661;0;-1EOD
1775650391.11 SOD36616;1;-0.7229;0.891968;0;-1EOD
1775650391.20 SOD36617;1;-0.707;1;0;-1EOD
1775650391.30 SOD36618;1;-0.6875;1;0;-1EOD
1775650391.43 SOD36619;1;-0.6482;0.880657;1;-1EOD
1775650391.55 SOD36620;1;-0.6433;0.634489;1;-1EOD
1775650391.61 SOD36621;1;-0.6817;0.336686;1;-1EOD
1775650391.73 SOD36622;1;-0.7005;0.0468201;1;-1EOD
1775650391.82 SOD36623;1;-0.7536;-0.193822;1;-1EOD
1775650392.04 SOD36624;1;-0.7361;-0.35173;1;-1EOD
1775650392.18 SOD36625;1;-0.74;-0.43069;0;-1EOD
1775650392.28 SOD36626;1;-0.7842;-0.448571;0;-1EOD
1775650392.37 SOD36627;1;-0.7578;-0.433805;0;-1EOD
1775650392.43 SOD36628;1;-0.7491;-0.418877;0;-1EOD
1775650392.53 SOD36629;1;-0.5577;-0.399509;0;-1EOD
1775650392.73 SOD36630;1;-0.4959;-0.39504;0;-1EOD
1775650392.86 SOD36631;1;-0.643;-0.400896;0;-1EOD
1775650392.98 SOD36632;1;-0.6884;-0.41764;0;-1EOD
1775650393.08 SOD36633;1;-0.7359;-0.445925;0;-1EOD
1775650393.15 SOD36634;1;-0.7556;-0.471767;0;-1EOD
1775650393.24 SOD36635;1;-0.757;-0.482811;0;-1EOD
1775650393.35 SOD36636;1;-0.7727;-0.471891;0;-1EOD
1775650393.44 SOD36637;1;-0.7529;-0.444521;0;-1EOD
1775650393.53 SOD36638;1;-0.7424;-0.399393;0;-1EOD
1775650393.60 SOD36639;1;-0.7236;-0.338841;0;-1EOD
1775650393.70 SOD36640;1;-0.7265;-0.27777;0;-1EOD
1775650393.81 SOD36641;1;-0.725;-0.226514;0;-1EOD
1775650393.94 SOD36642;1;-0.7224;-0.196732;0;-1EOD
1775650394.03 SOD36643;1;-0.7208;-0.196391;0;-1EOD
1775650394.09 SOD36644;1;-0.6982;-0.227486;0;-1EOD
1775650394.18 SOD36645;1;-0.7088;-0.283722;0;-1EOD
1775650394.27 SOD36646;1;-0.7597;-0.354642;0;-1EOD
1775650394.33 SOD36647;1;-0.769;-0.425237;0;-1EOD
1775650394.42 SOD36648;1;-0.7227;-0.481394;0;-1EOD
1775650394.52 SOD36649;1;-0.6922;-0.518457;0;-1EOD
1775650394.65 SOD36650;1;-0.7417;-0.530187;0;-1EOD
1775650394.78 SOD36651;1;-0.742;-0.522902;0;-1EOD
1775650394.87 SOD36652;1;-0.7133;-0.504485;0;-1EOD
1775650394.96 SOD36653;1;-0.7538;-0.484199;0;-1EOD
1775650395.03 SOD36654;1;-0.72;-0.468669;0;-1EOD
1775650395.11 SOD36655;1;-0.7241;-0.463098;0;-1EOD
1775650395.24 SOD36656;1;-0.6959;-0.467008;0;-1EOD
1775650395.31 SOD36657;1;-0.706;-0.479262;0;-1EOD
1775650395.38 SOD36658;1;-0.7259;-0.49469;0;-1EOD
1775650395.47 SOS319;9EOSSOC2251;2;0;0;0;1;60;0;1;1;1;1;0EOCSOD36659;1;-0.6986;-0.511796;0;-1EOD
1775650395.56 SOD36660;1;-0.6938;-0.522144;0;-1EOD
1775650395.61 SOD36661;1;-0.7179;-0.52898;0;-1EOD
1775650395.72 SOD36662;1;-0.7514;-0.522909;0;-1EOD
1775650395.91 SOD36663;1;-0.691;-0.506452;0;-1EOD
1775650396.04 SOD36664;1;-0.7287;-0.477116;0;-1EOD
1775650396.10 SOD36665;1;-0.7544;-0.440032;0;-1EOD
1775650396.19 SOD36666;1;-0.7277;-0.401893;0;-1EOD
1775650396.28 SOD36667;1;-0.7568;-0.366454;0;-1EOD
1775650396.38 SOD36668;1;-0.7697;-0.342004;0;-1EOD
1775650396.44 SOD36669;1;-0.7249;-0.326791;0;-1EOD
1775650396.56 SOD36670;1;-0.7297;-0.324132;0;-1EOD
1775650396.65 SOD36671;1;-0.7271;-0.328323;0;-1EOD
1775650396.77 SOD36672;1;-0.7034;-0.33673;0;-1EOD
1775650396.88 SOD36673;1;-0.6934;-0.34545;0;-1EOD
1775650396.96 SOD36674;1;-0.6808;-0.352822;0;-1EOD
1775650397.21 SOD36675;1;-0.7173;-0.358594;0;-1EOD
1775650397.34 SOD36676;1;-0.7206;-0.366154;0;-1EOD
1775650397.45 SOD36677;1;-0.7362;-0.376189;0;-1EOD
1775650397.51 SOD36678;1;-0.7239;-0.385761;0;-1EOD
1775650397.60 SOD36679;1;-0.6627;-0.392636;0;-1EOD
1775650397.69 SOD36680;1;-0.6427;-0.386408;0;-1EOD
1775650397.85 SOD36681;1;-0.69;-0.367516;0;-1EOD
1775650397.97 SOD36682;1;-0.7375;-0.340328;0;-1EOD
1775650398.09 SOD36683;1;-0.7173;-0.308709;0;-1EOD
1775650398.19 SOD36684;1;-0.6979;-0.284314;0;-1EOD
1775650398.30 SOD36685;1;-0.691;-0.27344;0;-1EOD
1775650398.39 SOD36686;1;-0.6773;-0.280516;0;-1EOD
1775650398.50 SOD36687;1;-0.7397;-0.304069;0;-1EOD
1775650398.59 SOD36688;1;-0.7019;-0.342514;0;-1EOD
1775650398.67 SOD36689;1;-0.7163;-0.385434;0;-1EOD
1775650398.77 SOD36690;1;-0.7155;-0.423733;0;-1EOD
1775650398.86 SOD36691;1;-0.7381;-0.449646;0;-1EOD
1775650398.92 SOD36692;1;-0.7398;-0.459035;0;-1EOD
1775650399.01 SOD36693;1;-0.734;-0.453588;0;-1EOD
1775650399.14 SOD36694;1;-0.7239;-0.438326;0;-1EOD
1775650399.23 SOD36695;1;-0.7142;-0.420399;0;-1EOD
1775650399.33 SOD36696;1;-0.7421;-0.405123;0;-1EOD
1775650399.39 SOD36697;1;-0.7098;-0.394726;0;-1EOD
1775650399.49 SOD36698;1;-0.6829;-0.390252;0;-1EOD
1775650399.59 SOD36699;1;-0.7102;-0.391586;0;-1EOD
1775650399.73 SOD36700;1;-0.7168;-0.398545;0;-1EOD
1775650399.85 SOD36701;1;-0.7028;-0.40668;0;-1EOD
1775650399.94 SOD36702;1;-0.7051;-0.416645;0;-1EOD
1775650400.05 SOD36703;1;-0.6658;-0.429327;0;-1EOD
1775650400.16 SOD36704;1;-0.6697;-0.446307;0;-1EOD
1775650400.22 SOD36705;1;-0.7006;-0.466058;0;-1EOD
1775650400.31 SOD36706;1;-0.7397;-0.488944;0;-1EOD
1775650400.42 SOC2252;2;0;0;0;1;60;0;1;1;1;1;0EOCSOD36707;1;-0.7532;-0.513845;0;-1EOD
1775650400.52 SOD36708;1;-0.7454;-0.535939;0;-1EOD
1775650400.59 SOD36709;1;-0.7701;-0.55227;0;-1EOD
1775650400.69 SOD36710;1;-0.7926;-0.562068;0;-1EOD
1775650400.79 SOD36711;1;-0.7673;-0.563591;0;-1EOD
1775650400.90 SOD36712;1;-0.7478;-0.560159;0;-1EOD
1775650401.02 SOD36713;1;-0.7144;-0.550651;0;-1EOD
1775650401.11 SOD36714;1;-0.643;-0.538306;0;-1EOD
1775650401.17 SOD36715;1;-0.6697;-0.523592;0;-1EOD
1775650401.26 SOD36716;1;-0.6939;-0.505762;0;-1EOD
1775650401.35 SOD36717;1;-0.687;-0.482115;0;-1EOD
1775650401.41 SOD36718;1;-0.7431;-0.450345;0;-1EOD
1775650401.51 SOD36719;1;-0.7301;-0.410368;0;-1EOD
1775650401.59 SOD36720;1;-0.7202;-0.365293;0;-1EOD
1775650401.70 SOD36721;1;-0.6315;-0.319451;0;-1EOD
1775650401.84 SOD36722;1;-0.6546;-0.278574;0;-1EOD
1775650401.94 SOD36723;1;-0.7004;-0.244572;0;-1EOD
1775650402.00 SOD36724;1;-0.7447;-0.217769;0;-1EOD
1775650402.09 SOD36725;1;-0.7023;-0.202096;0;-1EOD
1775650402.21 SOD36726;1;-0.7024;-0.192425;0;-1EOD
1775650402.35 SOD36727;1;-0.7251;-0.184524;0;-1EOD
1775650402.44 SOD36728;1;-0.7221;-0.179766;0;-1EOD
1775650402.53 SOD36729;1;-0.7105;-0.175395;0;-1EOD
1775650402.59 SOD36730;1;-0.7168;-0.176568;0;-1EOD
1775650402.69 SOD36731;1;-0.7547;-0.180839;0;-1EOD
1775650402.79 SOD36732;1;-0.7201;-0.188443;0;-1EOD
1775650402.88 SOD36733;1;-0.6914;-0.199105;0;-1EOD
1775650403.01 SOD36734;1;-0.6943;-0.211358;0;-1EOD
1775650403.07 SOD36735;1;-0.7275;-0.219727;0;-1EOD
1775650403.16 SOD36736;1;-0.7159;-0.229717;0;-1EOD
1775650403.26 SOD36737;1;-0.736;-0.241502;0;-1EOD
1775650403.35 SOD36738;1;-0.7306;-0.258735;0;-1EOD
1775650403.42 SOD36739;1;-0.7226;-0.282163;0;-1EOD
1775650403.58 SOD36740;1;-0.7246;-0.306315;0;-1EOD
1775650403.66 SOD36741;1;-0.6834;-0.325313;0;-1EOD
1775650403.75 SOD36742;1;-0.6709;-0.330544;0;-1EOD
1775650403.87 SOD36743;1;-0.708;-0.325349;0;-1EOD
1775650403.97 SOD36744;1;-0.7243;-0.303598;0;-1EOD
1775650404.05 SOD36745;1;-0.6981;-0.281903;0;-1EOD
1775650404.11 SOD36746;1;-0.7251;-0.257708;0;-1EOD
1775650404.23 SOD36747;1;-0.7413;-0.243149;0;-1EOD
1775650404.32 SOD36748;1;-0.7213;-0.238842;0;-1EOD
1775650404.41 SOD36749;1;-0.7154;-0.240666;0;-1EOD
1775650404.47 SOD36750;1;-0.7159;-0.240968;0;-1EOD
1775650404.56 SOD36751;1;-0.7135;-0.235051;0;-1EOD
1775650404.66 SOD36752;1;-0.6425;-0.222616;0;-1EOD
1775650404.72 SOD36753;1;-0.7037;-0.207693;0;-1EOD
1775650404.88 SOD36754;1;-0.7233;-0.197109;0;-1EOD
1775650404.96 SOD36755;1;-0.6622;-0.199182;0;-1EOD
1775650405.07 SOD36756;1;-0.6718;-0.217614;0;-1EOD
1775650405.15 SOD36757;1;-0.7034;-0.254579;0;-1EOD
1775650405.25 SOD36758;1;-0.7093;-0.306113;0;-1EOD
1775650405.32 SOD36759;1;-0.7097;-0.367028;0;-1EOD
1775650405.40 SOC2253;2;0;0;0;1;60;0;1;1;1;1;0EOCSOD36760;1;-0.7154;-0.426704;0;-1EOD
1775650405.52 SOD36761;1;-0.7392;-0.475821;0;-1EOD
1775650405.61 SOD36762;1;-0.7566;-0.503657;0;-1EOD
1775650405.70 SOD36763;1;-0.7136;-0.491464;0;-1EOD
1775650405.77 SOD36764;1;-0.7412;-0.435242;0;-1EOD
1775650405.91 SOD36765;1;-0.7016;-0.326648;0;-1EOD
1775650406.06 SOD36766;1;-0.662;-0.174488;0;-1EOD
1775650406.15 SOD36767;1;-0.674;0.0076339;0;-1EOD
1775650406.24 SOD36768;1;-0.7176;0.194438;0;-1EOD
1775650406.35 SOD36769;1;-0.7371;0.348317;0;-1EOD
1775650406.47 SOD36770;1;-0.7874;0.446227;0;-1EOD
1775650406.56 SOD36771;1;-0.7795;0.476438;0;-1EOD
1775650406.64 SOD36772;1;-0.713;0.434743;0;-1EOD
1775650406.71 SOD36773;1;-0.6937;0.334045;0;-1EOD
1775650406.84 SOD36774;1;-0.7329;0.192796;0;-1EOD
1775650406.94 SOD36775;1;-0.7682;0.0392271;0;-1EOD
1775650407.04 SOD36776;1;-0.7286;-0.104183;0;-1EOD
1775650407.14 SOD36777;1;-0.6777;-0.215135;0;-1EOD
1775650407.23 SOD36778;1;-0.674;-0.28577;0;-1EOD
1775650407.33 SOD36779;1;-0.7135;-0.309571;0;-1EOD
1775650407.50 SOD36780;1;-0.7446;-0.290949;0;-1EOD
1775650407.55 SOD36781;1;-0.6975;-0.242434;0;-1EOD
1775650407.65 SOD36782;1;-0.7172;-0.189676;0;-1EOD
1775650407.73 SOD36783;1;-0.6977;-0.14265;0;-1EOD
1775650407.85 SOD36784;1;-0.6389;-0.116738;0;-1EOD
1775650407.91 SOD36785;1;-0.6554;-0.11805;0;-1EOD
1775650408.02 SOD36786;1;-0.6764;-0.143839;0;-1EOD
1775650408.11 SOD36787;1;-0.7271;-0.181587;0;-1EOD
1775650408.20 SOD36788;1;-0.7286;-0.214514;0;-1EOD
1775650408.26 SOD36789;1;-0.7718;-0.226653;0;-1EOD
1775650408.36 SOD36790;1;-0.7211;-0.212621;0;-1EOD
1775650408.46 SOD36791;1;-0.718;-0.174335;0;-1EOD
1775650408.55 SOD36792;1;-0.6832;-0.120911;0;-1EOD
1775650408.62 SOD36793;1;-0.73;-0.067804;0;-1EOD
1775650408.75 SOD36794;1;-0.7256;-0.0291519;0;-1EOD
1775650408.92 SOD36795;1;-0.7647;-0.00954009;0;-1EOD
1775650409.02 SOD36796;1;-0.7179;-0.00719708;0;-1EOD
1775650409.10 SOD36797;1;-0.7101;-0.0313528;0;-1EOD
1775650409.19 SOD36798;1;-0.6711;-0.0680542;0;-1EOD
1775650409.31 SOD36799;1;-0.6784;-0.111812;0;-1EOD
1775650409.40 SOD36800;1;-0.7098;-0.154111;0;-1EOD
1775650409.51 SOD36801;1;-0.7099;-0.185458;0;-1EOD
1775650409.56 SOD36802;1;-0.699;-0.207157;0;-1EOD
1775650409.68 SOD36803;1;-0.6956;-0.219218;0;-1EOD
1775650409.87 SOD36804;1;-0.6642;-0.228345;0;-1EOD
1775650410.02 SOD36805;1;-0.6818;-0.236901;0;-1EOD
1775650410.11 SOD36806;1;-0.7112;-0.254;0;-1EOD
1775650410.21 SOD36807;1;-0.7118;-0.280703;0;-1EOD
1775650410.31 SOD36808;1;-0.6939;-0.316639;0;-1EOD
1775650410.39 SOD36809;1;-0.6709;-0.359322;0;-1EOD
1775650410.50 SOS320;9EOSSOC2254;2;0;0;0;1;60;0;1;1;1;1;0EOCSOD36810;1;-0.6902;-0.399721;0;-1EOD
1775650410.67 SOD36811;1;-0.6941;-0.43381;0;-1EOD
1775650410.81 SOD36812;1;-0.7026;-0.455745;0;-1EOD
1775650410.92 SOD36813;1;-0.6989;-0.464273;0;-1EOD
1775650411.04 SOD36814;1;-0.6396;-0.467598;0;-1EOD
1775650411.14 SOD36815;1;-0.6091;-0.464646;0;-1EOD
1775650411.27 SOD36816;1;-0.6294;-0.460297;0;-1EOD
1775650411.33 SOD36817;1;-0.6413;-0.458023;0;-1EOD
1775650411.42 SOD36818;1;-0.6702;-0.460536;0;-1EOD
1775650411.50 SOD36819;1;-0.7056;-0.46809;0;-1EOD
1775650411.57 SOD36820;1;-0.7216;-0.477228;0;-1EOD
1775650411.66 SOD36821;1;-0.7342;-0.486674;0;-1EOD
1775650411.78 SOD36822;1;-0.7342;-0.491471;0;-1EOD
1775650411.99 SOD36823;1;-0.7067;-0.486395;0;-1EOD
1775650412.10 SOD36824;1;-0.7062;-0.466538;0;-1EOD
1775650412.20 SOD36825;1;-0.7265;-0.425237;0;-1EOD
1775650412.28 SOD36826;1;-0.6722;-0.360506;0;-1EOD
1775650412.46 SOD36827;1;-0.6648;-0.278259;0;-1EOD
1775650412.58 SOD36828;1;-0.718;-0.178458;0;-1EOD
1775650412.67 SOD36829;1;-0.679;-0.0661155;0;-1EOD
1775650412.73 SOD36830;1;-0.6831;0.0471328;0;-1EOD
1775650412.85 SOD36831;1;-0.6792;0.152821;0;-1EOD
1775650412.95 SOD36832;1;-0.6591;0.235571;0;-1EOD
1775650413.04 SOD36833;1;-0.675;0.285321;0;-1EOD
1775650413.11 SOD36834;1;-0.6784;0.296065;0;-1EOD
1775650413.22 SOD36835;1;-0.6897;0.264967;0;-1EOD
1775650413.33 SOD36836;1;-0.7094;0.196858;0;-1EOD
1775650413.42 SOD36837;1;-0.6895;0.101641;0;-1EOD
1775650413.51 SOD36838;1;-0.6892;-0.00271035;0;-1EOD
1775650413.57 SOD36839;1;-0.6857;-0.101403;0;-1EOD
1775650413.66 SOD36840;1;-0.7053;-0.178575;0;-1EOD
1775650413.75 SOD36841;1;-0.7294;-0.220203;0;-1EOD
1775650413.89 SOD36842;1;-0.7195;-0.214991;0;-1EOD
1775650413.94 SOD36843;1;-0.6874;-0.166936;0;-1EOD
1775650414.05 SOD36844;1;-0.6483;-0.0859865;0;-1EOD
1775650414.14 SOD36845;1;-0.6684;0.0067221;0;-1EOD
1775650414.25 SOD36846;1;-0.6529;0.0844568;0;-1EOD
1775650414.36 SOD36847;1;-0.6764;0.133544;0;-1EOD
1775650414.50 SOD36848;1;-0.6631;0.139793;0;-1EOD
1775650414.57 SOD36849;1;-0.6865;0.0945601;0;-1EOD
1775650414.63 SOD36850;1;-0.7063;0.0118551;0;-1EOD
1775650414.72 SOD36851;1;-0.7451;-0.0910824;0;-1EOD
1775650414.84 SOD36852;1;-0.7489;-0.188382;0;-1EOD
1775650414.95 SOD36853;1;-0.7061;-0.260533;0;-1EOD
1775650415.11 SOD36854;1;-0.6827;-0.290027;0;-1EOD
1775650415.24 SOD36855;1;-0.6651;-0.269268;0;-1EOD
1775650415.35 SOD36856;1;-0.6647;-0.208156;0;-1EOD
1775650415.45 SOC2255;2;0;0;0;1;60;0;1;1;1;1;0EOCSOD36857;1;-0.6836;-0.123368;0;-1EOD
1775650415.54 SOD36858;1;-0.6279;-0.0386033;0;-1EOD
1775650415.59 SOD36859;1;-0.6396;0.0322712;0;-1EOD
1775650415.76 SOD36860;1;-0.6635;0.0668045;0;-1EOD
1775650415.86 SOD36861;1;-0.7418;0.0645974;0;-1EOD
1775650415.95 SOD36862;1;-0.7333;0.0217284;0;-1EOD
1775650416.10 SOD36863;1;-0.7104;-0.0484504;0;-1EOD
1775650416.18 SOD36864;1;-0.6834;-0.129364;0;-1EOD
1775650416.29 SOD36865;1;-0.6579;-0.207158;0;-1EOD
1775650416.41 SOD36866;1;-0.7346;-0.268069;0;-1EOD
1775650416.50 SOD36867;1;-0.721;-0.305021;0;-1EOD
1775650416.59 SOD36868;1;-0.7097;-0.320625;0;-1EOD
1775650416.68 SOD36869;1;-0.6783;-0.322494;0;-1EOD
1775650416.74 SOD36870;1;-0.6543;-0.319312;0;-1EOD
1775650416.83 SOD36871;1;-0.6617;-0.317213;0;-1EOD
1775650416.94 SOD36872;1;-0.6937;-0.327479;0;-1EOD
1775650417.06 SOD36873;1;-0.7239;-0.343428;0;-1EOD
1775650417.16 SOD36874;1;-0.683;-0.36914;0;-1EOD
1775650417.23 SOD36875;1;-0.6726;-0.393654;0;-1EOD
1775650417.32 SOD36876;1;-0.6802;-0.410785;0;-1EOD
1775650417.43 SOD36877;1;-0.706;-0.413116;0;-1EOD
1775650417.67 SOD36878;1;-0.7219;-0.385556;0;-1EOD
1775650417.79 SOD36879;1;-0.7152;-0.322709;0;-1EOD
1775650417.90 SOD36880;1;-0.7121;-0.216658;0;-1EOD
1775650417.95 SOD36881;1;-0.6625;-0.0638693;0;-1EOD
1775650418.04 SOD36882;1;-0.6247;0.135378;0;-1EOD
1775650418.12 SOD36883;1;-0.6324;0.357831;0;-1EOD
1775650418.16 SOD36884;1;-0.6582;0.584687;0;-1EOD
1775650418.28 SOD36885;1;-0.6466;0.77716;0;-1EOD
1775650418.38 SOD36886;1;-0.6863;0.904169;0;-1EOD
1775650418.47 SOD36887;1;-0.6429;0.939966;0;-1EOD
1775650418.54 SOD36888;1;-0.6356;0.877466;0;-1EOD
1775650418.63 SOD36889;1;-0.6928;0.728549;0;-1EOD
1775650418.72 SOD36890;1;-0.7183;0.532925;0;-1EOD
1775650418.78 SOD36891;1;-0.678;0.335627;0;-1EOD
1775650418.97 SOD36892;1;-0.6309;0.189903;0;-1EOD
1775650419.06 SOD36893;1;-0.6347;0.124424;0;-1EOD
1775650419.12 SOD36894;1;-0.7074;0.153359;0;-1EOD
1775650419.21 SOD36895;1;-0.726;0.25231;0;-1EOD
1775650419.30 SOD36896;1;-0.6707;0.385406;0;-1EOD
1775650419.41 SOD36897;1;-0.6317;0.503475;0;-1EOD
1775650419.48 SOD36898;1;-0.6666;0.562341;0;-1EOD
1775650419.60 SOD36899;1;-0.69;0.541697;0;-1EOD
1775650419.68 SOD36900;1;-0.6903;0.440805;0;-1EOD
1775650419.77 SOD36901;1;-0.6923;0.281128;0;-1EOD
1775650419.90 SOD36902;1;-0.7359;0.088462;0;-1EOD
1775650420.00 SOD36903;1;-0.7217;-0.107178;0;-1EOD
1775650420.06 SOD36904;1;-0.678;-0.27552;0;-1EOD
1775650420.14 SOD36905;1;-0.6116;-0.401654;0;-1EOD
1775650420.26 SOD36906;1;-0.7494;-0.472067;0;-1EOD
1775650420.35 SOD36907;1;-0.7215;-0.498912;0;-1EOD
1775650420.42 SOC2256;2;0;0;0;1;60;0;1;1;1;1;0EOCSOD36908;1;-0.7135;-0.463102;0;-1EOD
1775650420.50 SOD36909;1;-0.694;-0.355001;0;-1EOD
1775650420.60 SOD36910;1;-0.6879;-0.173539;0;-1EOD
1775650420.66 SOD36911;1;-0.7131;0.0716209;0;-1EOD
1775650420.75 SOD36912;1;-0.7468;0.346599;0;-1EOD
1775650420.87 SOD36913;1;-0.7279;0.608255;0;-1EOD
1775650420.97 SOD36914;1;-0.7215;0.809968;0;-1EOD
1775650421.06 SOD36915;1;-0.7367;0.916047;0;-1EOD
1775650421.13 SOD36916;1;-0.6722;0.911549;0;-1EOD
1775650421.23 SOD36917;1;-0.6576;0.804505;0;-1EOD
1775650421.33 SOD36918;1;-0.6602;0.633691;0;-1EOD
1775650421.43 SOD36919;1;-0.6809;0.442601;0;-1EOD
1775650421.54 SOD36920;1;-0.7137;0.280486;0;-1EOD
1775650421.61 SOD36921;1;-0.6253;0.176929;0;-1EOD
1775650421.71 SOD36922;1;-0.6169;0.139792;0;-1EOD
1775650421.81 SOD36923;1;-0.6495;0.152311;0;-1EOD
1775650421.91 SOD36924;1;-0.6925;0.183089;0;-1EOD
1775650422.00 SOD36925;1;-0.6938;0.189847;0;-1EOD
1775650422.06 SOD36926;1;-0.7449;0.163758;0;-1EOD
1775650422.18 SOD36927;1;-0.7295;0.0996768;0;-1EOD
1775650422.28 SOD36928;1;-0.6868;0.000157441;0;-1EOD
1775650422.38 SOD36929;1;-0.7183;-0.115054;0;-1EOD
1775650422.44 SOD36930;1;-0.6708;-0.233675;0;-1EOD
1775650422.53 SOD36931;1;-0.7173;-0.335296;0;-1EOD
1775650422.65 SOD36932;1;-0.7634;-0.409999;0;-1EOD
1775650422.83 SOD36933;1;-0.744;-0.44565;0;-1EOD
1775650422.96 SOD36934;1;-0.7025;-0.44676;0;-1EOD
1775650423.09 SOD36935;1;-0.6478;-0.424561;0;-1EOD
1775650423.16 SOD36936;1;-0.6812;-0.378453;0;-1EOD
1775650423.24 SOD36937;1;-0.7079;-0.322372;0;-1EOD
1775650423.33 SOD36938;1;-0.7047;-0.260152;0;-1EOD
1775650423.45 SOD36939;1;-0.7121;-0.201869;0;-1EOD
1775650423.54 SOD36940;1;-0.6901;-0.154476;0;-1EOD
1775650423.60 SOD36941;1;-0.669;-0.122722;0;-1EOD
1775650423.69 SOD36942;1;-0.6593;-0.108387;0;-1EOD
1775650423.78 SOD36943;1;-0.6638;-0.112191;0;-1EOD
1775650423.85 SOD36944;1;-0.7068;-0.131827;0;-1EOD
1775650423.94 SOD36945;1;-0.7436;-0.164956;0;-1EOD
1775650424.08 SOD36946;1;-0.7807;-0.207951;0;-1EOD
1775650424.19 SOD36947;1;-0.7067;-0.258603;0;-1EOD
1775650424.29 SOD36948;1;-0.6504;-0.311311;0;-1EOD
1775650424.39 SOD36949;1;-0.6591;-0.360466;0;-1EOD
1775650424.49 SOD36950;1;-0.6994;-0.398401;0;-1EOD
1775650424.55 SOD36951;1;-0.6946;-0.423344;0;-1EOD
1775650424.69 SOD36952;1;-0.6574;-0.432365;0;-1EOD
1775650424.80 SOD36953;1;-0.6691;-0.423825;0;-1EOD
1775650424.91 SOD36954;1;-0.6989;-0.40559;0;-1EOD
1775650425.08 SOD36955;1;-0.7583;-0.382837;0;-1EOD
1775650425.15 SOD36956;1;-0.7661;-0.360152;0;-1EOD
1775650425.24 SOD36957;1;-0.7237;-0.341764;0;-1EOD
1775650425.35 SOD36958;1;-0.6675;-0.324657;0;-1EOD
1775650425.44 SOC2257;2;0;0;0;1;60;0;1;1;1;1;0EOCSOD36959;1;-0.6459;-0.308835;0;-1EOD
1775650425.50 SOD36960;1;-0.6092;-0.290698;0;-1EOD
1775650425.59 SOD36961;1;-0.616;-0.268992;0;-1EOD
1775650425.69 SOD36962;1;-0.642;-0.243969;0;-1EOD
1775650425.76 SOD36963;1;-0.6962;-0.218301;0;-1EOD
1775650425.84 SOD36964;1;-0.6539;-0.195339;0;-1EOD
1775650426.03 SOD36965;1;-0.6615;-0.18089;0;-1EOD
1775650426.18 SOD36966;1;-0.6822;-0.175825;0;-1EOD
1775650426.29 SOD36967;1;-0.7338;-0.1856;0;-1EOD
1775650426.38 SOD36968;1;-0.7424;-0.205577;0;-1EOD
1775650426.44 SOD36969;1;-0.7149;-0.233593;0;-1EOD
1775650426.53 SOD36970;1;-0.697;-0.259087;0;-1EOD
1775650426.65 SOD36971;1;-0.7227;-0.27561;0;-1EOD
1775650426.76 SOD36972;1;-0.723;-0.27616;0;-1EOD
1775650426.85 SOD36973;1;-0.7314;-0.262682;0;-1EOD
1775650426.91 SOD36974;1;-0.7193;-0.230602;0;-1EOD
1775650427.01 SOD36975;1;-0.7285;-0.181077;0;-1EOD
1775650427.12 SOD36976;1;-0.7576;-0.11798;0;-1EOD
1775650427.17 SOD36977;1;-0.7097;-0.0441596;0;-1EOD
1775650427.33 SOD36978;1;-0.6429;0.0288696;0;-1EOD
1775650427.40 SOD36979;1;-0.6369;0.0905638;0;-1EOD
1775650427.49 SOD36980;1;-0.6634;0.124884;0;-1EOD
1775650427.59 SOD36981;1;-0.7194;0.124593;0;-1EOD
1775650427.68 SOD36982;1;-0.6829;0.0839691;0;-1EOD
1775650427.76 SOD36983;1;-0.6721;0.00906524;0;-1EOD
1775650427.94 SOD36984;1;-0.6552;-0.0908924;0;-1EOD
1775650428.00 SOD36985;1;-0.6487;-0.19969;0;-1EOD
1775650428.08 SOD36986;1;-0.6498;-0.294305;0;-1EOD
1775650428.19 SOD36987;1;-0.6541;-0.354315;0;-1EOD
1775650428.30 SOD36988;1;-0.6946;-0.374468;0;-1EOD
1775650428.39 SOD36989;1;-0.729;-0.353511;0;-1EOD
1775650428.47 SOD36990;1;-0.7127;-0.309282;0;-1EOD
1775650428.64 SOD36991;1;-0.6596;-0.255934;0;-1EOD
1775650428.74 SOD36992;1;-0.6241;-0.216436;0;-1EOD
1775650428.81 SOD36993;1;-0.7066;-0.201449;0;-1EOD
1775650428.91 SOD36994;1;-0.7094;-0.214926;0;-1EOD
1775650429.05 SOD36995;1;-0.7092;-0.253076;0;-1EOD
1775650429.15 SOD36996;1;-0.7114;-0.296787;0;-1EOD
1775650429.25 SOD36997;1;-0.7205;-0.329432;0;-1EOD
1775650429.34 SOD36998;1;-0.7025;-0.317637;0;-1EOD
1775650429.40 SOD36999;1;-0.6992;-0.238084;0;-1EOD
1775650429.49 SOD37000;1;-0.7555;-0.0851921;0;-1EOD
1775650429.58 SOD37001;1;-0.7743;0.126769;0;-1EOD
1775650429.65 SOD37002;1;-0.7193;0.364292;0;-1EOD
1775650429.74 SOD37003;1;-0.682;0.577823;0;-1EOD
1775650429.87 SOD37004;1;-0.6619;0.726727;0;-1EOD
1775650430.03 SOD37005;1;-0.6817;0.779473;0;-1EOD
1775650430.12 SOD37006;1;-0.7096;0.722716;0;-1EOD
1775650430.19 SOD37007;1;-0.717;0.576827;0;-1EOD
1775650430.29 SOD37008;1;-0.7054;0.378304;0;-1EOD
1775650430.36 SOD37009;1;-0.6715;0.177678;0;-1EOD
1775650430.50 SOC2258;2;0;0;0;1;60;0;1;1;1;1;0EOCSOD37010;1;-0.6733;0.012454;0;-1EOD
1775650430.59 SOD37011;1;-0.709;-0.084509;0;-1EOD
1775650430.68 SOD37012;1;-0.7228;-0.112253;0;-1EOD
1775650430.77 SOD37013;1;-0.6649;-0.0864391;0;-1EOD
1775650430.83 SOD37014;1;-0.6414;-0.0368949;0;-1EOD
1775650430.95 SOD37015;1;-0.6998;0.0048649;0;-1EOD
1775650431.11 SOD37016;1;-0.7477;0.0151746;0;-1EOD
1775650431.18 SOD37017;1;-0.7346;-0.0111409;0;-1EOD
1775650431.29 SOD37018;1;-0.7032;-0.0684839;0;-1EOD
1775650431.37 SOD37019;1;-0.6993;-0.160787;0;-1EOD
1775650431.46 SOD37020;1;-0.6863;-0.251341;0;-1EOD
1775650431.53 SOD37021;1;-0.6816;-0.329392;0;-1EOD
1775650431.62 SOD37022;1;-0.6333;-0.373228;0;-1EOD
1775650431.74 SOD37023;1;-0.6603;-0.374632;0;-1EOD
1775650431.83 SOD37024;1;-0.6687;-0.332551;0;-1EOD
1775650431.89 SOD37025;1;-0.6361;-0.259073;0;-1EOD
1775650432.04 SOD37026;1;-0.6298;-0.176304;0;-1EOD
1775650432.11 SOD37027;1;-0.684;-0.0977798;0;-1EOD
1775650432.20 SOD37028;1;-0.7494;-0.0475221;0;-1EOD
1775650432.30 SOD37029;1;-0.7192;-0.0328663;0;-1EOD
1775650432.42 SOD37030;1;-0.7287;-0.0525505;0;-1EOD
1775650432.52 SOD37031;1;-0.7524;-0.0912273;0;-1EOD
1775650432.58 SOD37032;1;-0.7709;-0.126666;0;-1EOD
1775650432.66 SOD37033;1;-0.7236;-0.143363;0;-1EOD
1775650432.76 SOD37034;1;-0.6823;-0.125188;0;-1EOD
1775650432.89 SOD37035;1;-0.6111;-0.0742831;0;-1EOD
1775650433.11 SOD37036;1;-0.6055;-0.000217812;0;-1EOD
1775650433.23 SOD37037;1;-0.5993;0.0718733;0;-1EOD
1775650433.30 SOD37038;1;-0.6119;0.127747;0;-1EOD
1775650433.39 SOD37039;1;-0.6518;0.13628;0;-1EOD
1775650433.48 SOD37040;1;-0.7052;0.10383;0;-1EOD
1775650433.55 SOD37041;1;-0.7441;0.0359717;0;-1EOD
1775650433.65 SOD37042;1;-0.7617;-0.0482226;0;-1EOD
1775650433.75 SOD37043;1;-0.747;-0.133625;0;-1EOD
1775650433.86 SOD37044;1;-0.7325;-0.198879;0;-1EOD
1775650433.96 SOD37045;1;-0.6744;-0.235004;0;-1EOD
1775650434.04 SOD37046;1;-0.6317;-0.244424;0;-1EOD
1775650434.12 SOD37047;1;-0.6757;-0.235065;0;-1EOD
1775650434.22 SOD37048;1;-0.6464;-0.215508;0;-1EOD
1775650434.36 SOD37049;1;-0.6639;-0.195711;0;-1EOD
1775650434.46 SOD37050;1;-0.663;-0.175855;0;-1EOD
1775650434.56 SOD37051;1;-0.7081;-0.16893;0;-1EOD
1775650434.66 SOD37052;1;-0.72;-0.166964;0;-1EOD
1775650434.76 SOD37053;1;-0.7282;-0.163257;0;-1EOD
1775650434.83 SOD37054;1;-0.7303;-0.148847;0;-1EOD
1775650434.96 SOD37055;1;-0.6496;-0.114515;0;-1EOD
1775650435.07 SOD37056;1;-0.6258;-0.0540562;0;-1EOD
1775650435.17 SOD37057;1;-0.6955;0.0303896;0;-1EOD
1775650435.28 SOD37058;1;-0.6946;0.1271;0;-1EOD
1775650435.38 SOD37059;1;-0.7216;0.219701;0;-1EOD
1775650435.48 SOC2259;2;0;0;0;1;60;0;1;1;1;1;0EOCSOD37060;1;-0.6943;0.28587;0;-1EOD
1775650435.60 SOD37061;1;-0.6846;0.308537;0;-1EOD
1775650435.67 SOD37062;1;-0.7259;0.290645;0;-1EOD
1775650435.84 SOD37063;1;-0.7282;0.221607;0;-1EOD
1775650435.93 SOD37064;1;-0.6692;0.139366;0;-1EOD
1775650436.02 SOD37065;1;-0.6565;0.0826358;0;-1EOD
1775650436.12 SOD37066;1;-0.6304;0.0705673;0;-1EOD
1775650436.23 SOD37067;1;-0.6734;0.121579;0;-1EOD
1775650436.32 SOD37068;1;-0.7337;0.218067;0;-1EOD
1775650436.42 SOD37069;1;-0.7261;0.334733;0;-1EOD
1775650436.48 SOD37070;1;-0.6827;0.431471;0;-1EOD
1775650436.59 SOD37071;1;-0.6828;0.475943;0;-1EOD
1775650436.69 SOD37072;1;-0.7181;0.458417;0;-1EOD
1775650436.82 SOD37073;1;-0.7122;0.379076;0;-1EOD
1775650436.95 SOD37074;1;-0.7083;0.257756;0;-1EOD
1775650437.08 SOD37075;1;-0.7227;0.133365;0;-1EOD
1775650437.19 SOD37076;1;-0.6988;0.0370554;0;-1EOD
1775650437.28 SOD37077;1;-0.683;-0.0128046;0;-1EOD
1775650437.37 SOD37078;1;-0.6396;-0.0193171;0;-1EOD
1775650437.48 SOD37079;1;-0.6828;0.0030763;0;-1EOD
1775650437.56 SOD37080;1;-0.7338;0.0236545;0;-1EOD
1775650437.65 SOD37081;1;-0.7334;0.015852;0;-1EOD
1775650437.77 SOD37082;1;-0.7497;-0.0292578;0;-1EOD
1775650437.87 SOD37083;1;-0.7302;-0.102395;0;-1EOD
1775650438.01 SOD37084;1;-0.6831;-0.197582;0;-1EOD
1775650438.19 SOD37085;1;-0.6636;-0.292727;0;-1EOD
1775650438.30 SOD37086;1;-0.6276;-0.358568;0;-1EOD
1775650438.46 SOD37087;1;-0.5786;-0.379045;0;-1EOD
1775650438.61 SOD37088;1;-0.6274;-0.339585;0;-1EOD
1775650438.69 SOD37089;1;-0.6647;-0.250647;0;-1EOD
1775650438.81 SOD37090;1;-0.7038;-0.12985;0;-1EOD
1775650438.90 SOD37091;1;-0.6865;-0.0112018;0;-1EOD
1775650439.06 SOD37092;1;-0.6633;0.0905159;0;-1EOD
1775650439.19 SOD37093;1;-0.6952;0.160306;0;-1EOD
1775650439.28 SOD37094;1;-0.7182;0.186215;0;-1EOD
1775650439.41 SOD37095;1;-0.6942;0.211636;0;-1EOD
1775650439.50 SOD37096;1;-0.6214;0.266806;0;-1EOD
1775650439.55 SOD37097;1;-0.581;0.405809;0;-1EOD
1775650439.62 SOD37098;1;-0.6198;0.654568;0;-1EOD
1775650439.69 SOD37099;1;-0.6373;1;0;-1EOD
1775650439.78 SOD37100;1;-0.7021;1;0;-1EOD
1775650439.87 SOD37101;1;-0.7144;1;0;-1EOD
1775650439.93 SOD37102;1;-0.7108;1;0;-1EOD
1775650440.12 SOD37103;1;-0.7144;1;0;-1EOD
1775650440.21 SOD37104;1;-0.6745;1;0;-1EOD
1775650440.28 SOD37105;1;-0.6933;1;0;-1EOD
1775650440.37 SOD37106;1;-0.6933;1;0;-1EOD
1775650440.48 SOC2260;2;0;0;0;1;60;0;1;1;1;1;0EOCSOD37107;1;-0.7247;1;0;-1EOD
1775650440.58 SOD37108;1;-0.6896;1;0;-1EOD
1775650440.70 SOD37109;1;-0.6979;1;0;-1EOD
1775650440.80 SOD37110;1;-0.7058;1;0;-1EOD
1775650440.91 SOD37111;1;-0.7413;1;0;-1EOD
1775650441.04 SOD37112;1;-0.7372;1;0;-1EOD
1775650441.17 SOD37113;1;-0.7097;1;0;-1EOD
1775650441.31 SOD37114;1;-0.6604;1;0;-1EOD
1775650441.43 SOD37115;1;-0.6702;1;0;-1EOD
1775650441.53 SOD37116;1;-0.6461;0.71899;0;-1EOD
1775650441.62 SOD37117;1;-0.6356;0.339762;0;-1EOD
1775650441.69 SOD37118;1;-0.6429;0.0312642;0;-1EOD
1775650441.76 SOD37119;1;-0.6709;-0.177442;0;-1EOD
1775650441.84 SOD37120;1;-0.7024;-0.287541;0;-1EOD
1775650441.88 SOD37121;1;-0.7062;-0.330904;0;-1EOD
1775650441.99 SOD37122;1;-0.7136;-0.3393;0;-1EOD
1775650442.12 SOD37123;1;-0.7058;-0.346665;0;-1EOD
1775650442.20 SOD37124;1;-0.7528;-0.349911;0;-1EOD
1775650442.27 SOD37125;1;-0.6728;-0.343897;0;-1EOD
1775650442.37 SOD37126;1;-0.6491;-0.337286;0;-1EOD
1775650442.47 SOD37127;1;-0.702;-0.30721;0;-1EOD
1775650442.59 SOD37128;1;-0.7411;-0.246388;0;-1EOD
1775650442.68 SOD37129;1;-0.753;-0.157454;0;-1EOD
1775650442.74 SOD37130;1;-0.7294;-0.0466445;0;-1EOD
1775650442.85 SOD37131;1;-0.7609;0.0726526;0;-1EOD
1775650442.93 SOD37132;1;-0.7215;0.18357;0;-1EOD
1775650443.09 SOD37133;1;-0.7156;0.265787;0;-1EOD
1775650443.30 SOD37134;1;-0.6854;0.311111;0;-1EOD
1775650443.42 SOD37135;1;-0.6996;0.31213;0;-1EOD
1775650443.52 SOD37136;1;-0.7035;0.283602;0;-1EOD
1775650443.62 SOD37137;1;-0.7176;0.220178;0;-1EOD
1775650443.74 SOD37138;1;-0.7455;0.167189;0;-1EOD
1775650443.79 SOD37139;1;-0.7336;0.162428;0;-1EOD
1775650443.82 SOD37140;1;-0.7022;0.227615;0;-1EOD
1775650443.92 SOD37141;1;-0.6945;0.401969;0;-1EOD
1775650444.01 SOD37142;1;-0.6472;0.680851;0;-1EOD
1775650444.06 SOD37143;1;-0.64;1;0;-1EOD
1775650444.16 SOD37144;1;-0.6563;1;0;-1EOD
1775650444.34 SOD37145;1;-0.692;1;0;-1EOD
1775650444.40 SOD37146;1;-0.6827;1;0;-1EOD
1775650444.53 SOD37147;1;-0.6828;1;0;-1EOD
1775650444.63 SOD37148;1;-0.6633;1;0;-1EOD
1775650444.72 SOD37149;1;-0.6865;1;0;-1EOD
1775650444.81 SOD37150;1;-0.6624;1;0;-1EOD
1775650444.86 SOD37151;1;-0.6391;1;1;-1EOD
1775650444.98 SOD37152;1;-0.6393;1;1;-1EOD
1775650445.14 SOD37153;1;-0.6651;1;1;-1EOD
1775650445.27 SOD37154;1;-0.673;1;1;-1EOD
1775650445.36 SOD37155;1;-0.6514;1;1;-1EOD
1775650445.52 SOC2261;2;0;0;0;1;60;0;1;1;1;1;0EOCSOD37156;1;-0.6747;1;1;-1EOD
1775650445.59 SOD37157;1;-0.6704;1;1;-1EOD
1775650445.67 SOD37158;1;-0.6744;1;0;-1EOD
1775650445.75 SOD37159;1;-0.6589;1;0;-1EOD
1775650445.88 SOD37160;1;-0.675;1;0;-1EOD
1775650445.95 SOD37161;1;-0.7043;1;0;-1EOD
1775650446.04 SOD37162;1;-0.7338;1;0;-1EOD
1775650446.11 SOD37163;1;-0.7408;1;0;-1EOD
1775650446.22 SOD37164;1;-0.7475;1;0;-1EOD
1775650446.28 SOD37165;1;-0.7413;1;0;-1EOD
1775650446.36 SOD37166;1;-0.7021;1;0;-1EOD
1775650446.47 SOD37167;1;-0.6786;1;0;-1EOD
1775650446.54 SOD37168;1;-0.6668;1;0;-1EOD
1775650446.65 SOD37169;1;-0.6687;1;0;-1EOD
1775650446.75 SOD37170;1;-0.6708;1;0;-1EOD
1775650446.84 SOD37171;1;-0.6766;1;0;-1EOD
1775650446.89 SOD37172;1;-0.6998;1;0;-1EOD
1775650447.00 SOD37173;1;-0.7291;1;0;-1EOD
1775650447.13 SOD37174;1;-0.718;1;0;-1EOD
1775650447.23 SOD37175;1;-0.7432;1;0;-1EOD
1775650447.33 SOD37176;1;-0.6153;1;0;-1EOD
1775650447.43 SOD37177;1;-0.5758;1;0;-1EOD
1775650447.53 SOD37178;1;-0.6661;1;0;-1EOD
1775650447.60 SOD37179;1;-0.666;1;0;-1EOD
1775650447.72 SOD37180;1;-0.6746;1;0;-1EOD
1775650447.88 SOD37181;1;-0.6834;1;0;-1EOD
1775650447.95 SOD37182;1;-0.6773;1;0;-1EOD
1775650448.06 SOD37183;1;-0.7218;1;0;-1EOD
1775650448.19 SOD37184;1;-0.7221;1;0;-1EOD
1775650448.42 SOD37185;1;-0.6632;1;0;-1EOD
1775650448.55 SOD37186;1;-0.632;1;0;-1EOD
1775650448.71 SOD37187;1;-0.6752;1;0;-1EOD
1775650448.77 SOD37188;1;-0.6907;1;0;-1EOD
1775650448.85 SOD37189;1;-0.6846;1;0;-1EOD
1775650448.90 SOD37190;1;-0.6611;0.792524;0;-1EOD
1775650448.95 SOD37191;1;-0.7013;0.293706;0;-1EOD
1775650449.04 SOD37192;1;-0.6904;-0.0885117;0;-1EOD
1775650449.13 SOD37193;1;-0.6905;-0.345214;0;-1EOD
1775650449.24 SOD37194;1;-0.7227;-0.499945;0;-1EOD
1775650449.34 SOD37195;1;-0.6444;-0.564078;0;-1EOD
1775650449.45 SOD37196;1;-0.6294;-0.580039;0;-1EOD
1775650449.54 SOD37197;1;-0.6425;-0.562676;0;-1EOD
1775650449.66 SOD37198;1;-0.6807;-0.544604;0;-1EOD
1775650449.72 SOD37199;1;-0.6816;-0.518343;0;-1EOD
1775650449.79 SOD37200;1;-0.6424;-0.49422;0;-1EOD
1775650449.84 SOD37201;1;-0.6575;-0.462389;0;-1EOD
1775650449.95 SOD37202;1;-0.6774;-0.423434;0;-1EOD
1775650450.08 SOD37203;1;-0.6833;-0.376641;0;-1EOD
1775650450.26 SOD37204;1;-0.6243;-0.325378;0;-1EOD
1775650450.38 SOD37205;1;-0.6676;-0.274262;0;-1EOD
1775650450.50 SOC2262;2;0;0;0;1;60;0;1;1;1;1;0EOCSOD37206;1;-0.6983;-0.232845;0;-1EOD
1775650450.59 SOD37207;1;-0.7377;-0.205765;0;-1EOD
1775650450.66 SOD37208;1;-0.6826;-0.20053;0;-1EOD
1775650450.74 SOD37209;1;-0.6592;-0.216136;0;-1EOD
1775650450.77 SOD37210;1;-0.6534;-0.24634;0;-1EOD
1775650450.84 SOD37211;1;-0.6812;-0.290466;0;-1EOD
1775650450.91 SOD37212;1;-0.6582;-0.332839;0;-1EOD
1775650451.01 SOD37213;1;-0.7148;-0.366124;0;-1EOD
1775650451.17 SOD37214;1;-0.6708;-0.37995;0;-1EOD
1775650451.30 SOD37215;1;-0.6683;-0.364704;0;-1EOD
1775650451.36 SOD37216;1;-0.6803;-0.317956;0;-1EOD
1775650451.46 SOD37217;1;-0.7104;-0.246633;0;-1EOD
1775650451.57 SOD37218;1;-0.7061;-0.161677;0;-1EOD
1775650451.67 SOD37219;1;-0.7277;-0.0775973;0;-1EOD
1775650451.73 SOD37220;1;-0.7243;-0.0103583;0;-1EOD
1775650451.81 SOD37221;1;-0.7145;0.0330505;0;-1EOD
1775650451.90 SOD37222;1;-0.7418;0.0394675;0;-1EOD
1775650451.96 SOD37223;1;-0.6628;0.0165015;0;-1EOD
1775650452.07 SOD37224;1;-0.6512;-0.0168842;0;-1EOD
1775650452.20 SOD37225;1;-0.6401;-0.0436647;0;-1EOD
1775650452.28 SOD37226;1;-0.6718;-0.0492864;0;-1EOD
1775650452.39 SOD37227;1;-0.7377;-0.0241473;0;-1EOD
1775650452.49 SOD37228;1;-0.7338;0.0252713;0;-1EOD
1775650452.55 SOD37229;1;-0.7417;0.0697321;0;-1EOD
1775650452.65 SOD37230;1;-0.7732;0.10921;0;-1EOD
1775650452.74 SOD37231;1;-0.7694;0.104187;0;-1EOD
1775650452.85 SOD37232;1;-0.7458;0.0791307;0;-1EOD
1775650452.91 SOD37233;1;-0.7177;0.0324077;0;-1EOD
1775650453.01 SOD37234;1;-0.7097;-0.0211886;0;-1EOD
1775650453.15 SOD37235;1;-0.6942;-0.071623;0;-1EOD
1775650453.31 SOD37236;1;-0.6807;-0.112596;0;-1EOD
1775650453.50 SOD37237;1;-0.6808;-0.140806;0;-1EOD
1775650453.62 SOD37238;1;-0.6945;-0.16335;0;-1EOD
1775650453.74 SOD37239;1;-0.7142;-0.18544;0;-1EOD
1775650453.82 SOD37240;1;-0.7023;-0.206679;0;-1EOD
1775650453.91 SOD37241;1;-0.7097;-0.23035;0;-1EOD
1775650453.96 SOD37242;1;-0.6783;-0.238917;0;-1EOD
1775650454.06 SOD37243;1;-0.7292;-0.237718;0;-1EOD
1775650454.17 SOD37244;1;-0.7253;-0.215933;0;-1EOD
1775650454.26 SOD37245;1;-0.759;-0.181763;0;-1EOD
1775650454.33 SOD37246;1;-0.7116;-0.139214;0;-1EOD
1775650454.51 SOD37247;1;-0.6766;-0.102179;0;-1EOD
1775650454.65 SOD37248;1;-0.7138;-0.071516;0;-1EOD
1775650454.83 SOD37249;1;-0.7177;-0.0419774;0;-1EOD
1775650454.93 SOD37250;1;-0.6279;-0.0258558;0;-1EOD
1775650455.01 SOD37251;1;-0.6674;-0.00882274;0;-1EOD
1775650455.11 SOD37252;1;-0.6711;0.00989584;0;-1EOD
1775650455.22 SOD37253;1;-0.6945;0.037253;0;-1EOD
1775650455.25 SOD37254;1;-0.6632;0.066085;0;-1EOD
1775650455.28 SOD37255;1;-0.6514;0.104253;0;-1EOD
1775650455.38 SOD37256;1;-0.6508;0.157255;0;-1EOD
1775650455.46 SOC2263;2;0;0;0;1;60;0;1;1;1;1;0EOCSOD37257;1;-0.6628;0.23032;0;-1EOD
1775650455.55 SOD37258;1;-0.7022;0.326337;0;-1EOD
1775650455.61 SOD37259;1;-0.675;0.439124;0;-1EOD
1775650455.69 SOD37260;1;-0.6987;0.554697;0;-1EOD
1775650455.79 SOD37261;1;-0.6714;0.659682;0;-1EOD
1775650455.85 SOD37262;1;-0.6438;0.738515;0;-1EOD
1775650455.94 SOD37263;1;-0.6706;0.791319;0;-1EOD
1775650456.09 SOD37264;1;-0.6845;0.831898;0;-1EOD
1775650456.21 SOD37265;1;-0.6496;0.880385;0;-1EOD
1775650456.30 SOD37266;1;-0.6024;0.939466;0;-1EOD
1775650456.41 SOD37267;1;-0.655;1;0;-1EOD
1775650456.50 SOD37268;1;-0.6706;1;0;-1EOD
1775650456.56 SOD37269;1;-0.7059;1;0;-1EOD
1775650456.74 SOD37270;1;-0.7215;0.982179;0;-1EOD
1775650456.82 SOD37271;1;-0.6982;0.832875;0;-1EOD
1775650456.91 SOD37272;1;-0.6868;0.620883;0;-1EOD
1775650457.01 SOD37273;1;-0.6692;0.365553;0;-1EOD
1775650457.14 SOD37274;1;-0.6634;0.108393;0;-1EOD
1775650457.34 SOD37275;1;-0.738;-0.108084;0;-1EOD
1775650457.46 SOD37276;1;-0.6948;-0.26366;0;-1EOD
1775650457.52 SOD37277;1;-0.7221;-0.352438;0;-1EOD
1775650457.62 SOD37278;1;-0.7063;-0.38839;0;-1EOD
1775650457.71 SOD37279;1;-0.7375;-0.387064;0;-1EOD
1775650457.80 SOD37280;1;-0.683;-0.370535;0;-1EOD
1775650457.86 SOD37281;1;-0.7141;-0.343371;0;-1EOD
1775650457.96 SOD37282;1;-0.7061;-0.313806;0;-1EOD
1775650458.06 SOD37283;1;-0.7213;-0.286863;0;-1EOD
1775650458.12 SOD37284;1;-0.6944;-0.266919;0;-1EOD
1775650458.21 SOD37285;1;-0.6678;-0.261679;0;-1EOD
1775650458.31 SOD37286;1;-0.6679;-0.265093;0;-1EOD
1775650458.40 SOD37287;1;-0.6716;-0.275892;0;-1EOD
1775650458.63 SOD37288;1;-0.6267;-0.259782;0;-1EOD
1775650458.76 SOD37289;1;-0.6696;-0.208798;0;-1EOD
1775650458.85 SOD37290;1;-0.6828;-0.115068;0;-1EOD
1775650458.92 SOD37291;1;-0.6433;0.0112739;0;-1EOD
1775650459.04 SOD37292;1;-0.667;0.142583;0;-1EOD
1775650459.15 SOD37293;1;-0.7533;0.259192;0;-1EOD
1775650459.24 SOD37294;1;-0.7653;0.321849;0;-1EOD
1775650459.33 SOD37295;1;-0.7383;0.330033;0;-1EOD
1775650459.39 SOD37296;1;-0.7082;0.280743;0;-1EOD
1775650459.49 SOD37297;1;-0.6909;0.193997;0;-1EOD
1775650459.58 SOD37298;1;-0.6712;0.0977983;0;-1EOD
1775650459.64 SOD37299;1;-0.6598;0.00818825;0;-1EOD
1775650459.74 SOD37300;1;-0.6526;-0.0531611;0;-1EOD
1775650459.83 SOD37301;1;-0.68;-0.0875482;0;-1EOD
1775650459.95 SOD37302;1;-0.6758;-0.089357;0;-1EOD
1775650460.03 SOD37303;1;-0.6853;-0.0426728;0;-1EOD
1775650460.12 SOD37304;1;-0.7163;0.0586845;0;-1EOD
1775650460.21 SOD37305;1;-0.7654;0.225302;0;-1EOD
1775650460.31 SOD37306;1;-0.7853;0.460111;0;-1EOD
1775650460.40 SOD37307;1;-0.7699;0.720648;0;-1EOD
1775650460.45 SOC2264;2;0;0;0;1;60;0;1;1;1;1;0EOCSOD37308;1;-0.758;0.970196;0;-1EOD
1775650460.56 SOD37309;1;-0.719;1;0;-1EOD
1775650460.65 SOD37310;1;-0.6952;1;0;-1EOD
1775650460.77 SOD37311;1;-0.6804;1;0;-1EOD
1775650460.83 SOD37312;1;-0.7126;0.950115;0;-1EOD
1775650460.92 SOD37313;1;-0.7218;0.693985;0;-1EOD
1775650461.01 SOD37314;1;-0.6884;0.42636;0;-1EOD
1775650461.17 SOD37315;1;-0.7222;0.205245;0;-1EOD
1775650461.27 SOD37316;1;-0.7462;0.0600393;0;-1EOD
1775650461.38 SOD37317;1;-0.7483;-0.00585699;0;-1EOD
1775650461.49 SOD37318;1;-0.7361;-0.0123142;0;-1EOD
1775650461.58 SOD37319;1;-0.6851;-0.000805956;0;-1EOD
1775650461.65 SOD37320;1;-0.7029;-0.00394071;0;-1EOD
1775650461.74 SOD37321;1;-0.6987;-0.0359293;0;-1EOD
1775650461.86 SOD37322;1;-0.6927;-0.0970009;0;-1EOD
1775650461.95 SOD37323;1;-0.6672;-0.184942;0;-1EOD
1775650462.01 SOD37324;1;-0.6752;-0.284164;0;-1EOD
1775650462.20 SOD37325;1;-0.712;-0.372132;0;-1EOD
1775650462.33 SOD37326;1;-0.7148;-0.433987;0;-1EOD
1775650462.45 SOD37327;1;-0.707;-0.460676;0;-1EOD
1775650462.55 SOD37328;1;-0.7099;-0.443323;0;-1EOD
1775650462.63 SOD37329;1;-0.7242;-0.384212;0;-1EOD
1775650462.70 SOD37330;1;-0.7103;-0.291011;0;-1EOD
1775650462.79 SOD37331;1;-0.6984;-0.185596;0;-1EOD
1775650462.84 SOD37332;1;-0.7431;-0.083004;0;-1EOD
1775650462.94 SOD37333;1;-0.722;-0.00926331;0;-1EOD
1775650463.03 SOD37334;1;-0.7596;0.0202413;0;-1EOD
1775650463.17 SOD37335;1;-0.758;-0.000451684;0;-1EOD
1775650463.28 SOD37336;1;-0.7375;-0.068316;0;-1EOD
1775650463.38 SOD37337;1;-0.6784;-0.164503;0;-1EOD
1775650463.47 SOD37338;1;-0.6712;-0.266576;0;-1EOD
1775650463.54 SOD37339;1;-0.7084;-0.348492;0;-1EOD
1775650463.65 SOD37340;1;-0.6967;-0.387674;0;-1EOD
1775650463.77 SOD37341;1;-0.7122;-0.377524;0;-1EOD
1775650463.87 SOD37342;1;-0.7121;-0.32259;0;-1EOD
1775650463.96 SOD37343;1;-0.7845;-0.243878;0;-1EOD
1775650464.02 SOD37344;1;-0.729;-0.164403;0;-1EOD
1775650464.13 SOD37345;1;-0.7377;-0.106463;0;-1EOD
1775650464.25 SOD37346;1;-0.7084;-0.0927096;0;-1EOD
1775650464.37 SOD37347;1;-0.6987;-0.113042;0;-1EOD
1775650464.46 SOD37348;1;-0.6941;-0.161421;0;-1EOD
1775650464.55 SOD37349;1;-0.7441;-0.213052;0;-1EOD
1775650464.62 SOD37350;1;-0.7311;-0.240787;0;-1EOD
1775650464.70 SOD37351;1;-0.7618;-0.209382;0;-1EOD
1775650464.79 SOD37352;1;-0.7489;-0.109405;0;-1EOD
1775650464.89 SOD37353;1;-0.752;0.0619663;0;-1EOD
1775650464.95 SOD37354;1;-0.736;0.278852;0;-1EOD
1775650465.05 SOD37355;1;-0.7188;0.495342;0;-1EOD
1775650465.19 SOD37356;1;-0.6797;0.669181;0;-1EOD
1775650465.27 SOD37357;1;-0.6597;0.760048;0;-1EOD
1775650465.37 SOD37358;1;-0.6944;0.745844;0;-1EOD
1775650465.44 SOC2265;2;0;0;0;1;60;0;1;1;1;1;0EOCSOD37359;1;-0.7033;0.641178;0;-1EOD
1775650465.52 SOD37360;1;-0.7031;0.462065;0;-1EOD
1775650465.64 SOD37361;1;-0.7216;0.271232;0;-1EOD
1775650465.73 SOD37362;1;-0.7137;0.118225;0;-1EOD
1775650465.79 SOD37363;1;-0.7062;0.0404579;0;-1EOD
1775650465.89 SOD37364;1;-0.6868;0.0519331;0;-1EOD
1775650465.97 SOD37365;1;-0.6896;0.131942;0;-1EOD
1775650466.07 SOD37366;1;-0.7351;0.238954;0;-1EOD
1775650466.22 SOD37367;1;-0.7375;0.333018;0;-1EOD
1775650466.43 SOD37368;1;-0.6937;0.353435;0;-1EOD
1775650466.54 SOD37369;1;-0.6643;0.311531;0;-1EOD
1775650466.60 SOD37370;1;-0.6206;0.193716;0;-1EOD
1775650466.69 SOD37371;1;-0.6034;0.0294206;0;-1EOD
1775650466.78 SOD37372;1;-0.629;-0.15349;0;-1EOD
1775650466.84 SOD37373;1;-0.6693;-0.325553;0;-1EOD
1775650467.00 SOD37374;1;-0.6805;-0.46127;0;-1EOD
1775650467.08 SOD37375;1;-0.7127;-0.550943;0;-1EOD
1775650467.26 SOD37376;1;-0.6724;-0.597877;0;-1EOD
1775650467.39 SOD37377;1;-0.7098;-0.616506;0;-1EOD
1775650467.54 SOD37378;1;-0.6904;-0.617286;0;-1EOD
1775650467.66 SOD37379;1;-0.7458;-0.616198;0;-1EOD
1775650467.75 SOD37380;1;-0.7425;-0.60956;0;-1EOD
1775650467.84 SOD37381;1;-0.7344;-0.599802;0;-1EOD
1775650467.90 SOD37382;1;-0.7388;-0.583743;0;-1EOD
1775650467.99 SOD37383;1;-0.7206;-0.55785;0;-1EOD
1775650468.08 SOD37384;1;-0.7295;-0.515295;0;-1EOD
1775650468.27 SOD37385;1;-0.7011;-0.445525;0;-1EOD
1775650468.39 SOD37386;1;-0.6822;-0.352947;0;-1EOD
1775650468.48 SOD37387;1;-0.6781;-0.243063;0;-1EOD
1775650468.57 SOD37388;1;-0.7122;-0.132228;0;-1EOD
1775650468.68 SOD37389;1;-0.7558;-0.0404086;0;-1EOD
1775650468.84 SOD37390;1;-0.7491;0.0153795;0;-1EOD
1775650468.94 SOD37391;1;-0.7292;0.0261496;0;-1EOD
1775650469.09 SOD37392;1;-0.6857;-0.00601458;0;-1EOD
1775650469.20 SOD37393;1;-0.6994;-0.0716184;0;-1EOD
1775650469.34 SOD37394;1;-0.7362;-0.14697;0;-1EOD
1775650469.43 SOD37395;1;-0.7461;-0.218525;0;-1EOD
1775650469.52 SOD37396;1;-0.71;-0.26581;0;-1EOD
1775650469.57 SOD37397;1;-0.6953;-0.283751;0;-1EOD
1775650469.66 SOD37398;1;-0.7158;-0.279457;0;-1EOD
1775650469.74 SOD37399;1;-0.7361;-0.257168;0;-1EOD
1775650469.80 SOD37400;1;-0.7251;-0.236508;0;-1EOD
1775650469.88 SOD37401;1;-0.6852;-0.223516;0;-1EOD
1775650469.98 SOD37402;1;-0.6877;-0.230086;0;-1EOD
1775650470.04 SOD37403;1;-0.7624;-0.247997;0;-1EOD
1775650470.21 SOD37404;1;-0.7844;-0.27549;0;-1EOD
1775650470.34 SOD37405;1;-0.724;-0.303676;0;-1EOD
1775650470.39 SOD37406;1;-0.6882;-0.320286;0;-1EOD
1775650470.48 SOC2266;2;0;0;0;1;60;0;1;1;1;1;0EOCSOD37407;1;-0.6681;-0.313481;0;-1EOD
1775650470.58 SOD37408;1;-0.6279;-0.277915;0;-1EOD
1775650470.66 SOD37409;1;-0.6392;-0.210034;0;-1EOD
1775650470.75 SOD37410;1;-0.651;-0.117708;0;-1EOD
1775650470.84 SOD37411;1;-0.7431;-0.0127426;0;-1EOD
1775650470.96 SOD37412;1;-0.7469;0.0867201;0;-1EOD
1775650471.04 SOD37413;1;-0.7346;0.158768;0;-1EOD
1775650471.10 SOD37414;1;-0.716;0.19261;0;-1EOD
1775650471.20 SOD37415;1;-0.6815;0.175075;0;-1EOD
1775650471.28 SOD37416;1;-0.6898;0.116409;0;-1EOD
1775650471.49 SOD37417;1;-0.7353;0.0237415;0;-1EOD
1775650471.61 SOD37418;1;-0.7433;-0.0861076;0;-1EOD
1775650471.68 SOD37419;1;-0.7043;-0.194325;0;-1EOD
1775650471.81 SOD37420;1;-0.7073;-0.287741;0;-1EOD
1775650471.89 SOD37421;1;-0.7069;-0.35993;0;-1EOD
1775650471.98 SOD37422;1;-0.7094;-0.408196;0;-1EOD
1775650472.09 SOD37423;1;-0.7349;-0.439344;0;-1EOD
1775650472.16 SOD37424;1;-0.7296;-0.454805;0;-1EOD
1775650472.26 SOD37425;1;-0.728;-0.464624;0;-1EOD
1775650472.36 SOD37426;1;-0.7497;-0.46987;0;-1EOD
1775650472.45 SOD37427;1;-0.6844;-0.469596;0;-1EOD
1775650472.52 SOD37428;1;-0.6404;-0.468866;0;-1EOD
1775650472.60 SOD37429;1;-0.6776;-0.469331;0;-1EOD
1775650472.71 SOD37430;1;-0.7018;-0.473089;0;-1EOD
1775650472.80 SOD37431;1;-0.7117;-0.484186;0;-1EOD
1775650472.86 SOD37432;1;-0.7005;-0.501348;0;-1EOD
1775650472.96 SOD37433;1;-0.723;-0.523329;0;-1EOD
1775650473.07 SOD37434;1;-0.7169;-0.546369;0;-1EOD
1775650473.18 SOD37435;1;-0.7349;-0.558758;0;-1EOD
1775650473.26 SOD37436;1;-0.7272;-0.54993;0;-1EOD
1775650473.39 SOD37437;1;-0.6861;-0.509109;0;-1EOD
1775650473.46 SOD37438;1;-0.6736;-0.431792;0;-1EOD
1775650473.54 SOD37439;1;-0.6782;-0.319542;0;-1EOD
1775650473.64 SOD37440;1;-0.725;-0.189704;0;-1EOD
1775650473.70 SOD37441;1;-0.7447;-0.0637125;0;-1EOD
1775650473.79 SOD37442;1;-0.6799;0.0345303;0;-1EOD
1775650473.90 SOD37443;1;-0.694;0.0861619;0;-1EOD
1775650474.11 SOD37444;1;-0.7113;0.0798046;0;-1EOD
1775650474.27 SOD37445;1;-0.6915;0.0205147;0;-1EOD
1775650474.40 SOD37446;1;-0.6414;-0.069988;0;-1EOD
1775650474.49 SOD37447;1;-0.6729;-0.173314;0;-1EOD
1775650474.61 SOD37448;1;-0.6847;-0.261267;0;-1EOD
1775650474.70 SOD37449;1;-0.6847;-0.303764;0;-1EOD
1775650474.77 SOD37450;1;-0.6315;-0.283753;0;-1EOD
1775650474.86 SOD37451;1;-0.6075;-0.201548;0;-1EOD
1775650474.94 SOD37452;1;-0.6633;-0.0729803;0;-1EOD
1775650475.01 SOD37453;1;-0.7177;0.0710196;0;-1EOD
1775650475.08 SOD37454;1;-0.7297;0.200788;0;-1EOD
1775650475.18 SOD37455;1;-0.6869;0.284977;0;-1EOD
1775650475.30 SOD37456;1;-0.6712;0.306578;0;-1EOD
1775650475.40 SOD37457;1;-0.6652;0.258602;0;-1EOD
1775650475.47 SOC2267;2;0;0;0;1;60;0;1;1;1;1;0EOCSOD37458;1;-0.6371;0.152726;0;-1EOD
1775650475.56 SOD37459;1;-0.6552;0.0143577;0;-1EOD
1775650475.66 SOD37460;1;-0.6923;-0.129297;0;-1EOD
1775650475.72 SOD37461;1;-0.6851;-0.244454;0;-1EOD
1775650475.80 SOD37462;1;-0.7413;-0.296795;0;-1EOD
1775650475.94 SOD37463;1;-0.7453;-0.273741;0;-1EOD
1775650476.02 SOD37464;1;-0.7217;-0.177427;0;-1EOD
1775650476.14 SOD37465;1;-0.6902;-0.0240994;0;-1EOD
1775650476.27 SOD37466;1;-0.6668;0.1466;0;-1EOD
1775650476.36 SOD37467;1;-0.6863;0.306643;0;-1EOD
1775650476.50 SOD37468;1;-0.6888;0.416529;0;-1EOD
1775650476.60 SOD37469;1;-0.6574;0.458894;0;-1EOD
1775650476.70 SOD37470;1;-0.6788;0.420877;0;-1EOD
1775650476.76 SOD37471;1;-0.6848;0.332335;0;-1EOD
1775650476.86 SOD37472;1;-0.7186;0.221011;0;-1EOD
1775650476.94 SOD37473;1;-0.7294;0.13182;0;-1EOD
1775650477.01 SOD37474;1;-0.7376;0.106928;0;-1EOD
1775650477.09 SOD37475;1;-0.7137;0.157871;0;-1EOD
1775650477.21 SOD37476;1;-0.6712;0.27332;0;-1EOD
1775650477.31 SOD37477;1;-0.653;0.414945;0;-1EOD
1775650477.37 SOD37478;1;-0.6685;0.535199;0;-1EOD
1775650477.47 SOD37479;1;-0.7194;0.591233;0;-1EOD
1775650477.57 SOD37480;1;-0.6921;0.561685;0;-1EOD
1775650477.65 SOD37481;1;-0.6991;0.444077;0;-1EOD
1775650477.72 SOD37482;1;-0.698;0.260197;0;-1EOD
1775650477.84 SOD37483;1;-0.6824;0.0500053;0;-1EOD
1775650477.94 SOD37484;1;-0.7133;-0.142935;0;-1EOD
1775650478.02 SOD37485;1;-0.7295;-0.27538;0;-1EOD
1775650478.08 SOD37486;1;-0.6706;-0.325087;0;-1EOD
1775650478.18 SOD37487;1;-0.6716;-0.289565;0;-1EOD
1775650478.36 SOD37488;1;-0.6021;-0.190921;0;-1EOD
1775650478.51 SOD37489;1;-0.6099;-0.0629728;0;-1EOD
1775650478.60 SOD37490;1;-0.6354;0.0470127;0;-1EOD
1775650478.65 SOD37491;1;-0.6562;0.122687;0;-1EOD
1775650478.75 SOD37492;1;-0.6786;0.132497;0;-1EOD
1775650478.82 SOD37493;1;-0.6672;0.0872832;0;-1EOD
1775650478.90 SOD37494;1;-0.7064;-0.000584769;0;-1EOD
1775650478.97 SOD37495;1;-0.7415;-0.101908;0;-1EOD
1775650479.11 SOD37496;1;-0.7573;-0.181201;0;-1EOD
1775650479.25 SOD37497;1;-0.7003;-0.208613;0;-1EOD
1775650479.42 SOD37498;1;-0.6538;-0.17579;0;-1EOD
1775650479.47 SOD37499;1;-0.6518;-0.0922401;0;-1EOD
1775650479.55 SOD37500;1;-0.7376;0.0171051;0;-1EOD
1775650479.64 SOD37501;1;-0.7376;0.119051;0;-1EOD
1775650479.73 SOD37502;1;-0.7569;0.185313;0;-1EOD
1775650479.82 SOD37503;1;-0.7414;0.214687;0;-1EOD
1775650479.91 SOD37504;1;-0.7104;0.213905;0;-1EOD
1775650480.00 SOD37505;1;-0.6754;0.219383;0;-1EOD
1775650480.06 SOD37506;1;-0.6769;0.257581;0;-1EOD
1775650480.15 SOD37507;1;-0.6452;0.349328;0;-1EOD
1775650480.27 SOD37508;1;-0.6527;0.480729;0;-1EOD
1775650480.39 SOD37509;1;-0.7138;0.623624;0;-1EOD
1775650480.49 SOC2268;2;0;0;0;1;60;0;1;1;1;1;0EOCSOD37510;1;-0.7342;0.735662;0;-1EOD
1775650480.55 SOD37511;1;-0.7538;0.776015;0;-1EOD
1775650480.65 SOD37512;1;-0.775;0.726527;0;-1EOD
1775650480.75 SOD37513;1;-0.7585;0.589959;0;-1EOD
1775650480.85 SOD37514;1;-0.7049;0.397737;0;-1EOD
1775650480.98 SOD37515;1;-0.6328;0.190669;0;-1EOD
1775650481.08 SOD37516;1;-0.6582;0.0198824;0;-1EOD
1775650481.14 SOD37517;1;-0.6508;-0.0961086;0;-1EOD
1775650481.27 SOD37518;1;-0.694;-0.14666;0;-1EOD
1775650481.38 SOD37519;1;-0.7313;-0.143464;0;-1EOD
1775650481.48 SOD37520;1;-0.6763;-0.118806;0;-1EOD
1775650481.65 SOD37521;1;-0.7006;-0.0936;0;-1EOD
1775650481.80 SOD37522;1;-0.6885;-0.0956385;0;-1EOD
1775650481.92 SOD37523;1;-0.655;-0.12427;0;-1EOD
1775650482.01 SOD37524;1;-0.6585;-0.176123;0;-1EOD
1775650482.08 SOD37525;1;-0.6326;-0.24598;0;-1EOD
1775650482.17 SOD37526;1;-0.6582;-0.304239;0;-1EOD
1775650482.36 SOD37527;1;-0.6941;-0.369066;0;-1EOD
1775650482.50 SOD37528;1;-0.6999;-0.393479;0;-1EOD
1775650482.55 SOD37529;1;-0.7219;-0.375577;0;-1EOD
1775650482.64 SOD37530;1;-0.7534;-0.298891;0;-1EOD
1775650482.69 SOD37531;1;-0.7771;-0.172831;0;-1EOD
1775650482.79 SOD37532;1;-0.7582;-0.00298955;0;-1EOD
1775650482.93 SOD37533;1;-0.6883;0.147603;0;-1EOD
1775650483.00 SOD37534;1;-0.6647;0.292609;0;-1EOD
1775650483.10 SOD37535;1;-0.659;0.36537;0;-1EOD
1775650483.16 SOD37536;1;-0.6882;0.373913;0;-1EOD
1775650483.26 SOD37537;1;-0.6884;0.319781;0;-1EOD
1775650483.35 SOD37538;1;-0.6865;0.239954;0;-1EOD
1775650483.48 SOD37539;1;-0.73;0.174348;0;-1EOD
1775650483.61 SOD37540;1;-0.695;0.157142;0;-1EOD
1775650483.73 SOD37541;1;-0.6535;0.208136;0;-1EOD
1775650483.82 SOD37542;1;-0.6923;0.304478;0;-1EOD
1775650483.91 SOD37543;1;-0.5862;0.419249;0;-1EOD
1775650483.97 SOD37544;1;-0.5763;0.50207;0;-1EOD
1775650484.07 SOD37545;1;-0.6577;0.514105;0;-1EOD
1775650484.18 SOD37546;1;-0.7081;0.442801;0;-1EOD
1775650484.43 SOD37547;1;-0.7038;0.299174;0;-1EOD
1775650484.86 SOD37548;1;-0.6665;0.122129;0;-1EOD
1775650484.93 SOD37549;1;-0.6982;-0.0511301;0;-1EOD
1775650485.02 SOD37550;1;-0.6868;-0.175324;0;-1EOD
1775650485.10 SOD37551;1;-0.6631;-0.219416;0;-1EOD
1775650485.16 SOD37552;1;-0.6788;-0.168019;0;-1EOD
1775650485.28 SOD37553;1;-0.661;-0.0341788;0;-1EOD
1775650485.33 SOD37554;1;-0.6541;0.163152;0;-1EOD
1775650485.35 SOD37555;1;-0.6552;0.356323;0;-1EOD
1775650485.40 SOD37556;1;-0.6515;0.531728;0;-1EOD
1775650485.48 SOC2269;2;0;0;0;1;60;0;1;1;1;1;0EOCSOD37557;1;-0.6827;0.639825;0;-1EOD
1775650485.56 SOD37558;1;-0.702;0.657519;0;-1EOD
1775650485.63 SOD37559;1;-0.7175;0.587719;0;-1EOD
1775650485.71 SOD37560;1;-0.7254;0.451477;0;-1EOD
1775650485.81 SOD37561;1;-0.6591;0.284044;0;-1EOD
1775650485.90 SOD37562;1;-0.6534;0.136129;0;-1EOD
1775650485.96 SOD37563;1;-0.6984;0.0559021;0;-1EOD
1775650486.05 SOD37564;1;-0.7178;0.0624961;0;-1EOD
1775650486.17 SOD37565;1;-0.7296;0.1448;0;-1EOD
1775650486.29 SOD37566;1;-0.7203;0.272289;0;-1EOD
1775650486.38 SOD37567;1;-0.7351;0.401647;0;-1EOD
1775650486.44 SOD37568;1;-0.7176;0.490406;0;-1EOD
1775650486.53 SOD37569;1;-0.704;0.530048;0;-1EOD
1775650486.61 SOD37570;1;-0.6745;0.507344;0;-1EOD
1775650486.69 SOD37571;1;-0.6825;0.44169;0;-1EOD
1775650486.81 SOD37572;1;-0.6998;0.34716;0;-1EOD
1775650486.90 SOD37573;1;-0.6961;0.245202;0;-1EOD
1775650487.00 SOD37574;1;-0.6621;0.146834;0;-1EOD
1775650487.09 SOD37575;1;-0.6533;0.0575211;0;-1EOD
1775650487.15 SOD37576;1;-0.6709;-0.0285306;0;-1EOD
1775650487.27 SOD37577;1;-0.711;-0.106265;0;-1EOD
1775650487.47 SOD37578;1;-0.6861;-0.173434;0;-1EOD
1775650487.59 SOD37579;1;-0.6527;-0.233543;0;-1EOD
1775650487.67 SOD37580;1;-0.6781;-0.281263;0;-1EOD
1775650487.75 SOD37581;1;-0.6383;-0.301503;0;-1EOD
1775650487.85 SOD37582;1;-0.6593;-0.304052;0;-1EOD
1775650487.93 SOD37583;1;-0.7334;-0.299694;0;-1EOD
1775650487.99 SOD37584;1;-0.7191;-0.295249;0;-1EOD
1775650488.11 SOD37585;1;-0.7233;-0.290628;0;-1EOD
1775650488.20 SOD37586;1;-0.7594;-0.304102;0;-1EOD
1775650488.35 SOD37587;1;-0.7063;-0.304026;0;-1EOD
1775650488.52 SOD37588;1;-0.6672;-0.305024;0;-1EOD
1775650488.58 SOD37589;1;-0.6825;-0.286483;0;-1EOD
1775650488.70 SOD37590;1;-0.674;-0.25893;0;-1EOD
1775650488.79 SOD37591;1;-0.6721;-0.226404;0;-1EOD
1775650488.88 SOD37592;1;-0.7194;-0.198855;0;-1EOD
1775650488.95 SOD37593;1;-0.761;-0.182453;0;-1EOD
1775650489.03 SOD37594;1;-0.7339;-0.182615;0;-1EOD
1775650489.12 SOD37595;1;-0.7414;-0.184579;0;-1EOD
1775650489.21 SOD37596;1;-0.7241;-0.185213;0;-1EOD
1775650489.41 SOD37597;1;-0.7122;-0.170125;0;-1EOD
1775650489.57 SOD37598;1;-0.6619;-0.135147;0;-1EOD
1775650489.69 SOD37599;1;-0.6274;-0.0882811;0;-1EOD
1775650489.76 SOD37600;1;-0.6187;-0.0369975;0;-1EOD
1775650489.86 SOD37601;1;-0.6352;0.00497593;0;-1EOD
1775650489.97 SOD37602;1;-0.594;0.0312414;0;-1EOD
1775650490.07 SOD37603;1;-0.6534;0.0364715;0;-1EOD
1775650490.12 SOD37604;1;-0.6654;0.0235124;0;-1EOD
1775650490.20 SOD37605;1;-0.65;0.00738176;0;-1EOD
1775650490.33 SOD37606;1;-0.6691;-0.0187921;0;-1EOD
1775650490.41 SOD37607;1;-0.7058;-0.0326739;0;-1EOD
1775650490.48 SOC2270;2;0;0;0;1;60;0;1;1;1;1;0EOCSOD37608;1;-0.7159;-0.0410768;0;-1EOD
1775650490.65 SOD37609;1;-0.7355;-0.0463862;0;-1EOD
1775650490.72 SOD37610;1;-0.7103;-0.0595176;0;-1EOD
1775650490.82 SOD37611;1;-0.6804;-0.0873012;0;-1EOD
1775650490.92 SOD37612;1;-0.7019;-0.134563;0;-1EOD
1775650491.02 SOD37613;1;-0.7079;-0.194566;0;-1EOD
1775650491.12 SOD37614;1;-0.6928;-0.265698;0;-1EOD
1775650491.18 SOD37615;1;-0.7146;-0.338102;0;-1EOD
1775650491.31 SOD37616;1;-0.7067;-0.406651;0;-1EOD
1775650491.43 SOD37617;1;-0.6988;-0.465544;0;-1EOD
1775650491.52 SOD37618;1;-0.6565;-0.512255;0;-1EOD
1775650491.61 SOD37619;1;-0.6729;-0.541826;0;-1EOD
1775650491.67 SOD37620;1;-0.6589;-0.556422;0;-1EOD
1775650491.76 SOD37621;1;-0.6608;-0.560271;0;-1EOD
1775650491.88 SOD37622;1;-0.6682;-0.55588;0;-1EOD
1775650491.97 SOD37623;1;-0.6869;-0.547849;0;-1EOD
1775650492.06 SOD37624;1;-0.6806;-0.54063;0;-1EOD
1775650492.11 SOD37625;1;-0.6511;-0.535621;0;-1EOD
1775650492.20 SOD37626;1;-0.641;-0.529069;0;-1EOD
1775650492.29 SOD37627;1;-0.6662;-0.507778;0;-1EOD
1775650492.37 SOD37628;1;-0.6919;-0.464224;0;-1EOD
1775650492.53 SOD37629;1;-0.7256;-0.380633;0;-1EOD
1775650492.60 SOD37630;1;-0.673;-0.255137;0;-1EOD
1775650492.68 SOD37631;1;-0.685;-0.091835;0;-1EOD
1775650492.77 SOD37632;1;-0.7229;0.0967826;0;-1EOD
1775650492.84 SOD37633;1;-0.6887;0.281342;0;-1EOD
1775650492.92 SOD37634;1;-0.6846;0.436878;0;-1EOD
1775650493.01 SOD37635;1;-0.6626;0.537404;0;-1EOD
1775650493.14 SOD37636;1;-0.6468;0.567057;0;-1EOD
1775650493.23 SOD37637;1;-0.6136;0.528779;0;-1EOD
1775650493.38 SOD37638;1;-0.6162;0.433352;0;-1EOD
1775650493.49 SOD37639;1;-0.626;0.303689;0;-1EOD
1775650493.55 SOD37640;1;-0.6958;0.16705;0;-1EOD
1775650493.64 SOD37641;1;-0.7064;0.0448001;0;-1EOD
1775650493.72 SOD37642;1;-0.6762;-0.04903;0;-1EOD
1775650493.84 SOD37643;1;-0.7123;-0.114417;0;-1EOD
1775650493.90 SOD37644;1;-0.71;-0.158027;0;-1EOD
1775650493.99 SOD37645;1;-0.7096;-0.187333;0;-1EOD
1775650494.08 SOD37646;1;-0.6701;-0.214217;0;-1EOD
1775650494.14 SOD37647;1;-0.6371;-0.24779;0;-1EOD
1775650494.23 SOD37648;1;-0.6278;-0.280884;0;-1EOD
1775650494.34 SOD37649;1;-0.6649;-0.315835;0;-1EOD
1775650494.50 SOD37650;1;-0.7003;-0.344677;0;-1EOD
1775650494.67 SOD37651;1;-0.7039;-0.356823;0;-1EOD
1775650494.78 SOD37652;1;-0.7034;-0.348353;0;-1EOD
1775650494.84 SOD37653;1;-0.7016;-0.315898;0;-1EOD
1775650494.94 SOD37654;1;-0.6859;-0.266615;0;-1EOD
1775650495.02 SOD37655;1;-0.686;-0.20549;0;-1EOD
1775650495.14 SOD37656;1;-0.7422;-0.14465;0;-1EOD
1775650495.20 SOD37657;1;-0.7336;-0.0977163;0;-1EOD
1775650495.31 SOD37658;1;-0.6883;-0.0742544;0;-1EOD
1775650495.42 SOD37659;1;-0.6819;-0.0732291;0;-1EOD
1775650495.51 SOC2271;2;0;0;0;1;60;0;1;1;1;1;0EOCSOD37660;1;-0.7012;-0.106005;0;-1EOD
1775650495.59 SOD37661;1;-0.7133;-0.156378;0;-1EOD
1775650495.65 SOD37662;1;-0.7118;-0.221772;0;-1EOD
1775650495.77 SOD37663;1;-0.7116;-0.280977;0;-1EOD
1775650495.85 SOD37664;1;-0.7159;-0.32312;0;-1EOD
1775650495.96 SOD37665;1;-0.7044;-0.340318;0;-1EOD
1775650496.02 SOD37666;1;-0.6751;-0.327914;0;-1EOD
1775650496.12 SOD37667;1;-0.7063;-0.29062;0;-1EOD
1775650496.21 SOD37668;1;-0.6772;-0.240416;0;-1EOD
1775650496.35 SOD37669;1;-0.6982;-0.188609;0;-1EOD
1775650496.47 SOD37670;1;-0.7036;-0.150983;0;-1EOD
1775650496.58 SOD37671;1;-0.7155;-0.133912;0;-1EOD
1775650496.67 SOD37672;1;-0.6745;-0.132977;0;-1EOD
1775650496.74 SOD37673;1;-0.6824;-0.13635;0;-1EOD
1775650496.82 SOD37674;1;-0.6471;-0.115316;0;-1EOD
1775650496.93 SOD37675;1;-0.6489;-0.0462635;0;-1EOD
1775650497.06 SOD37676;1;-0.6312;0.0820537;0;-1EOD
1775650497.16 SOD37677;1;-0.6611;0.258867;0;-1EOD
1775650497.21 SOD37678;1;-0.6512;0.457804;0;-1EOD
1775650497.36 SOD37679;1;-0.6832;0.627596;0;-1EOD
1775650497.49 SOD37680;1;-0.714;0.740536;0;-1EOD
1775650497.61 SOD37681;1;-0.7158;0.761736;0;-1EOD
1775650497.74 SOD37682;1;-0.6529;0.701651;0;-1EOD
1775650497.80 SOD37683;1;-0.6881;0.577254;0;-1EOD
1775650497.89 SOD37684;1;-0.6944;0.433541;0;-1EOD
1775650497.98 SOD37685;1;-0.6766;0.308538;0;-1EOD
1775650498.07 SOD37686;1;-0.6786;0.239967;0;-1EOD
1775650498.13 SOD37687;1;-0.6655;0.23515;0;-1EOD
1775650498.26 SOD37688;1;-0.6485;0.28232;0;-1EOD
1775650498.46 SOD37689;1;-0.5962;0.3604;0;-1EOD
1775650498.60 SOD37690;1;-0.6824;0.428795;0;-1EOD
1775650498.70 SOD37691;1;-0.6965;0.470343;0;-1EOD
1775650498.78 SOD37692;1;-0.7122;0.467383;0;-1EOD
1775650498.85 SOD37693;1;-0.6945;0.418897;0;-1EOD
1775650498.99 SOD37694;1;-0.6258;0.340443;0;-1EOD
1775650499.07 SOD37695;1;-0.6353;0.260156;0;-1EOD
1775650499.17 SOD37696;1;-0.6472;0.216977;0;-1EOD
1775650499.26 SOD37697;1;-0.6476;0.244278;0;-1EOD
1775650499.43 SOD37698;1;-0.7008;0.35901;0;-1EOD
1775650499.64 SOD37699;1;-0.68;0.562667;0;-1EOD
1775650499.92 SOD37700;1;-0.665;0.813754;0;-1EOD
1775650500.23 SOD37701;1;-0.6301;1;0;-1EOD
1775650500.34 SOD37702;1;-0.7085;1;0;-1EOD
1775650500.45 SOD37703;1;-0.7576;1;0;-1EOD
1775650500.51 SOS321;9EOSSOC2272;2;0;0;0;1;60;0;1;1;1;1;0EOCSOD37704;1;-0.7126;1;0;-1EOD
1775650500.62 SOD37705;1;-0.6457;1;0;-1EOD
1775650500.64 SOD37706;1;-0.6409;0.969092;0;-1EOD
1775650500.66 SOD37707;1;-0.6243;0.696091;0;-1EOD
1775650500.70 SOD37708;1;-0.5756;0.438334;0;-1EOD
1775650500.73 SOD37709;1;-0.599;0.24872;0;-1EOD
1775650500.75 SOD37710;1;-0.603;0.138513;0;-1EOD
1775650500.87 SOD37711;1;-0.6206;0.124111;0;-1EOD
1775650500.96 SOD37712;1;-0.6554;0.176466;0;-1EOD
1775650501.05 SOD37713;1;-0.6393;0.275281;0;-1EOD
1775650501.11 SOD37714;1;-0.6553;0.374938;0;-1EOD
1775650501.20 SOD37715;1;-0.6887;0.442231;0;-1EOD
1775650501.33 SOD37716;1;-0.6795;0.469817;0;-1EOD
1775650501.53 SOD37717;1;-0.682;0.44643;0;-1EOD
1775650501.64 SOD37718;1;-0.6686;0.374264;0;-1EOD
1775650501.76 SOD37719;1;-0.6493;0.272303;0;-1EOD
1775650501.82 SOD37720;1;-0.6925;0.152212;0;-1EOD
1775650501.91 SOD37721;1;-0.6613;0.0310667;0;-1EOD
1775650502.00 SOD37722;1;-0.6591;-0.0808687;0;-1EOD
1775650502.06 SOD37723;1;-0.7003;-0.18199;0;-1EOD
1775650502.15 SOD37724;1;-0.6923;-0.263505;0;-1EOD
1775650502.22 SOD37725;1;-0.6964;-0.333339;0;-1EOD
1775650502.34 SOD37726;1;-0.7515;-0.38092;0;-1EOD
1775650502.49 SOD37727;1;-0.7549;-0.400888;0;-1EOD
1775650502.60 SOD37728;1;-0.6862;-0.384876;0;-1EOD
1775650502.70 SOD37729;1;-0.6385;-0.336063;0;-1EOD
1775650502.82 SOD37730;1;-0.6895;-0.264079;0;-1EOD
1775650502.88 SOD37731;1;-0.7198;-0.185325;0;-1EOD
1775650502.98 SOD37732;1;-0.7;-0.110464;0;-1EOD
1775650503.04 SOD37733;1;-0.6433;-0.0513976;0;-1EOD
1775650503.11 SOD37734;1;-0.6524;-0.0106437;0;-1EOD
1775650503.20 SOD37735;1;-0.6545;0.0151298;0;-1EOD
1775650503.28 SOD37736;1;-0.6292;0.0325601;0;-1EOD
1775650503.41 SOD37737;1;-0.6397;0.0476876;0;-1EOD
1775650503.52 SOD37738;1;-0.612;0.0663494;0;-1EOD
1775650503.58 SOD37739;1;-0.6539;0.0932284;0;-1EOD
1775650503.66 SOD37740;1;-0.6549;0.129791;0;-1EOD
1775650503.74 SOD37741;1;-0.6649;0.178527;0;-1EOD
1775650503.80 SOD37742;1;-0.6292;0.241691;0;-1EOD
1775650503.91 SOD37743;1;-0.6452;0.320877;0;-1EOD
1775650504.02 SOD37744;1;-0.6767;0.420262;0;-1EOD
1775650504.11 SOD37745;1;-0.769;0.531451;0;-1EOD
1775650504.18 SOD37746;1;-0.7417;0.636272;0;-1EOD
1775650504.27 SOD37747;1;-0.7414;0.709827;0;-1EOD
1775650504.37 SOD37748;1;-0.7177;0.730025;0;-1EOD
1775650504.46 SOD37749;1;-0.7222;0.68153;0;-1EOD
1775650504.53 SOD37750;1;-0.6955;0.569717;0;-1EOD
1775650504.62 SOD37751;1;-0.6683;0.41371;0;-1EOD
1775650504.73 SOD37752;1;-0.6545;0.241877;0;-1EOD
1775650504.87 SOD37753;1;-0.7097;0.0802566;0;-1EOD
1775650505.01 SOD37754;1;-0.7164;-0.0492643;0;-1EOD
1775650505.13 SOD37755;1;-0.6952;-0.142703;0;-1EOD
1775650505.21 SOD37756;1;-0.6893;-0.201479;0;-1EOD
1775650505.34 SOD37757;1;-0.692;-0.24252;0;-1EOD
1775650505.52 SOC2273;2;0;0;0;1;60;0;1;1;1;1;0EOCSOD37758;1;-0.7396;-0.283147;0;-1EOD
1775650505.65 SOD37759;1;-0.7228;-0.329574;0;-1EOD
1775650505.75 SOD37760;1;-0.6487;-0.383152;0;-1EOD
1775650505.81 SOD37761;1;-0.6397;-0.439726;0;-1EOD
1775650505.90 SOD37762;1;-0.6291;-0.487944;0;-1EOD
1775650506.02 SOD37763;1;-0.6303;-0.517837;0;-1EOD
1775650506.10 SOD37764;1;-0.6648;-0.517323;0;-1EOD
1775650506.17 SOD37765;1;-0.72;-0.481121;0;-1EOD
1775650506.26 SOD37766;1;-0.7345;-0.411472;0;-1EOD
1775650506.37 SOD37767;1;-0.7105;-0.318394;0;-1EOD
1775650506.47 SOD37768;1;-0.6828;-0.216105;0;-1EOD
1775650506.61 SOD37769;1;-0.6369;-0.118288;0;-1EOD
1775650506.72 SOD37770;1;-0.7046;-0.0381282;0;-1EOD
1775650506.79 SOD37771;1;-0.7424;0.0155229;0;-1EOD
1775650506.88 SOD37772;1;-0.7473;0.0440031;0;-1EOD
1775650506.96 SOD37773;1;-0.7164;0.0564999;0;-1EOD
1775650507.02 SOD37774;1;-0.6727;0.0653472;0;-1EOD
1775650507.11 SOD37775;1;-0.653;0.0909091;0;-1EOD
1775650507.22 SOD37776;1;-0.712;0.139426;0;-1EOD
1775650507.31 SOD37777;1;-0.7633;0.212673;0;-1EOD
1775650507.46 SOD37778;1;-0.7283;0.29219;0;-1EOD
1775650507.56 SOD37779;1;-0.6733;0.352242;0;-1EOD
1775650507.66 SOD37780;1;-0.65;0.370875;0;-1EOD
1775650507.72 SOD37781;1;-0.6859;0.339931;0;-1EOD
1775650507.81 SOD37782;1;-0.6999;0.259777;0;-1EOD
1775650507.92 SOD37783;1;-0.6838;0.138074;0;-1EOD
1775650508.01 SOD37784;1;-0.7141;0.00212087;0;-1EOD
1775650508.08 SOD37785;1;-0.7112;-0.127578;0;-1EOD
1775650508.17 SOD37786;1;-0.7064;-0.224316;0;-1EOD
1775650508.27 SOD37787;1;-0.6774;-0.284019;0;-1EOD
1775650508.35 SOD37788;1;-0.6921;-0.304538;0;-1EOD
1775650508.47 SOD37789;1;-0.6325;-0.295816;0;-1EOD
1775650508.56 SOD37790;1;-0.6548;-0.274016;0;-1EOD
1775650508.67 SOD37791;1;-0.6534;-0.252359;0;-1EOD
1775650508.77 SOD37792;1;-0.6821;-0.239477;0;-1EOD
1775650508.86 SOD37793;1;-0.7151;-0.241502;0;-1EOD
1775650508.95 SOD37794;1;-0.684;-0.252313;0;-1EOD
1775650509.01 SOD37795;1;-0.6824;-0.267863;0;-1EOD
1775650509.10 SOD37796;1;-0.6823;-0.274971;0;-1EOD
1775650509.24 SOD37797;1;-0.6701;-0.26583;0;-1EOD
1775650509.32 SOD37798;1;-0.6886;-0.230084;0;-1EOD
1775650509.46 SOD37799;1;-0.6545;-0.165809;0;-1EOD
1775650509.58 SOD37800;1;-0.6897;-0.0802258;0;-1EOD
1775650509.69 SOD37801;1;-0.7273;0.00548651;0;-1EOD
1775650509.84 SOD37802;1;-0.7117;0.0767665;0;-1EOD
1775650509.96 SOD37803;1;-0.6976;0.117868;0;-1EOD
1775650510.05 SOD37804;1;-0.7057;0.120306;0;-1EOD
1775650510.14 SOD37805;1;-0.716;0.0789324;0;-1EOD
1775650510.21 SOD37806;1;-0.7375;0.000758855;0;-1EOD
1775650510.31 SOD37807;1;-0.6751;-0.095959;0;-1EOD
1775650510.50 SOC2274;2;0;0;0;1;60;0;1;1;1;1;0EOCSOD37808;1;-0.6571;-0.202009;0;-1EOD
1775650510.62 SOD37809;1;-0.6521;-0.299242;0;-1EOD
1775650510.73 SOD37810;1;-0.7077;-0.377618;0;-1EOD
1775650510.79 SOD37811;1;-0.6864;-0.431088;0;-1EOD
1775650510.89 SOD37812;1;-0.6983;-0.453873;0;-1EOD
1775650510.97 SOD37813;1;-0.7452;-0.465683;0;-1EOD
1775650511.08 SOD37814;1;-0.7176;-0.452476;0;-1EOD
1775650511.15 SOD37815;1;-0.7016;-0.430757;0;-1EOD
1775650511.24 SOD37816;1;-0.638;-0.395576;0;-1EOD
1775650511.35 SOD37817;1;-0.6623;-0.355095;0;-1EOD
1775650511.53 SOD37818;1;-0.7151;-0.314147;0;-1EOD
1775650511.69 SOD37819;1;-0.6734;-0.274018;0;-1EOD
1775650511.80 SOD37820;1;-0.6541;-0.238274;0;-1EOD
1775650511.90 SOD37821;1;-0.646;-0.208655;0;-1EOD
1775650511.96 SOD37822;1;-0.6944;-0.185784;0;-1EOD
1775650512.04 SOD37823;1;-0.6632;-0.174197;0;-1EOD
1775650512.13 SOD37824;1;-0.6906;-0.171539;0;-1EOD
1775650512.19 SOD37825;1;-0.6814;-0.179307;0;-1EOD
1775650512.27 SOD37826;1;-0.6572;-0.185987;0;-1EOD
1775650512.39 SOD37827;1;-0.6443;-0.198016;0;-1EOD
1775650512.50 SOD37828;1;-0.6598;-0.202938;0;-1EOD
1775650512.56 SOD37829;1;-0.676;-0.204476;0;-1EOD
1775650512.68 SOD37830;1;-0.7186;-0.204886;0;-1EOD
1775650512.78 SOD37831;1;-0.7086;-0.208024;0;-1EOD
1775650512.87 SOD37832;1;-0.6765;-0.215807;0;-1EOD
1775650512.98 SOD37833;1;-0.6624;-0.225887;0;-1EOD
1775650513.08 SOD37834;1;-0.5969;-0.243687;0;-1EOD
1775650513.14 SOD37835;1;-0.6036;-0.260675;0;-1EOD
1775650513.23 SOD37836;1;-0.6218;-0.275117;0;-1EOD
1775650513.32 SOD37837;1;-0.6736;-0.281168;0;-1EOD
1775650513.43 SOD37838;1;-0.7008;-0.283919;0;-1EOD
1775650513.56 SOD37839;1;-0.7152;-0.275677;0;-1EOD
1775650513.67 SOD37840;1;-0.6825;-0.251718;0;-1EOD
1775650513.75 SOD37841;1;-0.6469;-0.212833;0;-1EOD
1775650513.85 SOD37842;1;-0.647;-0.143204;0;-1EOD
1775650513.93 SOD37843;1;-0.6402;-0.0396464;0;-1EOD
1775650513.99 SOD37844;1;-0.6241;0.124641;0;-1EOD
1775650514.08 SOD37845;1;-0.6455;0.417421;0;-1EOD
1775650514.16 SOD37846;1;-0.6154;0.855229;0;-1EOD
1775650514.23 SOD37847;1;-0.6044;1;0;-1EOD
1775650514.33 SOD37848;1;-0.6307;1;0;-1EOD
1775650514.45 SOD37849;1;-0.6686;1;0;-1EOD
1775650514.55 SOD37850;1;-0.7016;1;0;-1EOD
1775650514.63 SOD37851;1;-0.7151;1;0;-1EOD
1775650514.70 SOD37852;1;-0.6597;1;0;-1EOD
1775650514.81 SOD37853;1;-0.6393;1;0;-1EOD
1775650514.93 SOD37854;1;-0.631;1;0;-1EOD
1775650515.03 SOD37855;1;-0.6445;1;0;-1EOD
1775650515.14 SOD37856;1;-0.6647;1;0;-1EOD
1775650515.23 SOD37857;1;-0.6851;1;0;-1EOD
1775650515.33 SOD37858;1;-0.7029;1;0;-1EOD
1775650515.47 SOC2275;2;0;0;0;1;60;0;1;1;1;1;0EOCSOD37859;1;-0.66;1;0;-1EOD
1775650515.62 SOD37860;1;-0.6861;1;0;-1EOD
1775650515.72 SOD37861;1;-0.7269;1;0;-1EOD
1775650515.82 SOD37862;1;-0.7242;0.719972;0;-1EOD
1775650515.94 SOD37863;1;-0.7089;0.440775;0;-1EOD
1775650516.05 SOD37864;1;-0.6815;0.194398;0;-1EOD
1775650516.11 SOD37865;1;-0.6296;-0.0378518;0;-1EOD
1775650516.23 SOD37866;1;-0.6272;-0.213424;0;-1EOD
1775650516.31 SOD37867;1;-0.6764;-0.355785;0;-1EOD
1775650516.40 SOD37868;1;-0.6655;-0.450111;0;-1EOD
1775650516.47 SOD37869;1;-0.6721;-0.513049;0;-1EOD
1775650516.57 SOD37870;1;-0.6956;-0.546852;0;-1EOD
1775650516.70 SOD37871;1;-0.7299;-0.563407;0;-1EOD
1775650516.83 SOD37872;1;-0.7182;-0.564476;0;-1EOD
1775650516.91 SOD37873;1;-0.7076;-0.561585;0;-1EOD
1775650517.01 SOD37874;1;-0.7048;-0.556438;0;-1EOD
1775650517.12 SOD37875;1;-0.6657;-0.549331;0;-1EOD
1775650517.22 SOD37876;1;-0.6227;-0.538458;0;-1EOD
1775650517.28 SOD37877;1;-0.6637;-0.526454;0;-1EOD
1775650517.37 SOD37878;1;-0.7089;-0.511356;0;-1EOD
1775650517.56 SOD37879;1;-0.761;-0.492794;0;-1EOD
1775650517.70 SOD37880;1;-0.7606;-0.471275;0;-1EOD
1775650517.75 SOD37881;1;-0.7389;-0.44786;0;-1EOD
1775650517.85 SOD37882;1;-0.7222;-0.418762;0;-1EOD
1775650517.93 SOD37883;1;-0.7455;-0.386529;0;-1EOD
1775650517.98 SOD37884;1;-0.7676;-0.34819;0;-1EOD
1775650518.11 SOD37885;1;-0.7567;-0.306216;0;-1EOD
1775650518.18 SOD37886;1;-0.6839;-0.265783;0;-1EOD
1775650518.24 SOD37887;1;-0.6294;-0.228688;0;-1EOD
1775650518.33 SOD37888;1;-0.6062;-0.202564;0;-1EOD
1775650518.44 SOD37889;1;-0.5945;-0.192294;0;-1EOD
1775650518.54 SOD37890;1;-0.6444;-0.194979;0;-1EOD
1775650518.59 SOD37891;1;-0.679;-0.215445;0;-1EOD
1775650518.68 SOD37892;1;-0.6797;-0.251336;0;-1EOD
1775650518.79 SOD37893;1;-0.6407;-0.295512;0;-1EOD
1775650518.91 SOD37894;1;-0.6557;-0.3456;0;-1EOD
1775650518.99 SOD37895;1;-0.6972;-0.39405;0;-1EOD
1775650519.05 SOD37896;1;-0.6977;-0.437886;0;-1EOD
1775650519.15 SOD37897;1;-0.6758;-0.472782;0;-1EOD
